0.10000000000000001 1
0.20000000000000001 1
0.30000000000000004 1
0.40000000000000002 1
0.5 1
0.59999999999999998 1
0.69999999999999996 1
0.79999999999999993 1
0.89999999999999991 1
0.99999999999999989 1
1.0999999999999999 1
1.2 1
1.3 1
1.4000000000000001 1
1.5000000000000002 1
1.6000000000000003 1
1.7000000000000004 1
1.8000000000000005 1
1.9000000000000006 1
2.0000000000000004 1
2.1000000000000005 1
2.2000000000000006 1
2.3000000000000007 1
2.4000000000000008 1
2.5000000000000009 2
2.600000000000001 2
2.7000000000000011 2
2.8000000000000012 2
2.9000000000000012 2
3.0000000000000013 2
3.1000000000000014 2
3.2000000000000015 2
3.3000000000000016 2
3.4000000000000017 2
3.5000000000000018 2
3.6000000000000019 2
3.700000000000002 2
3.800000000000002 2
3.9000000000000021 2
4.0000000000000018 2
4.1000000000000014 2
4.2000000000000011 2
4.3000000000000007 2
4.4000000000000004 2
4.5 2
4.5999999999999996 2
4.6999999999999993 2
4.7999999999999989 4
4.8999999999999986 4
4.9999999999999982 4
5.0999999999999979 4
5.1999999999999975 4
5.2999999999999972 4
5.3999999999999968 4
5.4999999999999964 4
5.5999999999999961 4
5.6999999999999957 4
5.7999999999999954 4
5.899999999999995 4
5.9999999999999947 4
6.0999999999999943 4
6.199999999999994 4
6.2999999999999936 4
6.3999999999999932 4
6.4999999999999929 4
6.5999999999999925 4
6.6999999999999922 4
6.7999999999999918 4
6.8999999999999915 4
6.9999999999999911 4
7.0999999999999908 7
7.1999999999999904 8
7.2999999999999901 8
7.3999999999999897 8
7.4999999999999893 8
7.599999999999989 8
7.6999999999999886 8
7.7999999999999883 8
7.8999999999999879 8
7.9999999999999876 8
8.0999999999999872 8
8.1999999999999869 8
8.2999999999999865 8
8.3999999999999861 8
8.4999999999999858 8
8.5999999999999854 8
8.6999999999999851 8
8.7999999999999847 8
8.8999999999999844 8
8.999999999999984 8
9.0999999999999837 8
9.1999999999999833 8
9.2999999999999829 8
9.3999999999999826 9
9.4999999999999822 15
9.5999999999999819 16
9.6999999999999815 16
9.7999999999999812 16
9.8999999999999808 16
9.9999999999999805 16
10.09999999999998 16
10.19999999999998 16
10.299999999999979 16
10.399999999999979 16
10.499999999999979 16
10.599999999999978 16
10.699999999999978 16
10.799999999999978 16
10.899999999999977 16
10.999999999999977 16
11.099999999999977 16
11.199999999999976 16
11.299999999999976 16
11.399999999999975 16
11.499999999999975 16
11.599999999999975 16
11.699999999999974 16
11.799999999999974 21
11.899999999999974 28
11.999999999999973 32
12.099999999999973 32
12.199999999999973 32
12.299999999999972 32
12.399999999999972 32
12.499999999999972 32
12.599999999999971 32
12.699999999999971 32
12.799999999999971 32
12.89999999999997 32
12.99999999999997 32
13.099999999999969 32
13.199999999999969 32
13.299999999999969 32
13.399999999999968 32
13.499999999999968 32
13.599999999999968 32
13.699999999999967 32
13.799999999999967 32
13.899999999999967 32
13.999999999999966 32
14.099999999999966 36
14.199999999999966 42
14.299999999999965 48
14.399999999999965 25.5
14.499999999999964 25.5
14.599999999999964 25.5
14.699999999999964 25.5
14.799999999999963 25.5
14.899999999999963 25.5
14.999999999999963 25.5
15.099999999999962 25.5
15.199999999999962 25.5
15.299999999999962 25.5
15.399999999999961 25.5
15.499999999999961 25.5
15.599999999999961 25.5
15.69999999999996 25.5
15.79999999999996 25.5
15.899999999999959 25.5
15.999999999999959 25.5
16.099999999999959 25.5
16.19999999999996 25.5
16.299999999999962 25.5
16.399999999999963 25.5
16.499999999999964 25.5
16.599999999999966 25.5
16.699999999999967 25.5
16.799999999999969 25.5
16.89999999999997 25.5392
16.999999999999972 25.5392
17.099999999999973 25.5392
17.199999999999974 25.5392
17.299999999999976 25.5392
17.399999999999977 25.5392
17.499999999999979 25.5392
17.59999999999998 25.5392
17.699999999999982 25.5392
17.799999999999983 25.5392
17.899999999999984 25.5392
17.999999999999986 25.5392
18.099999999999987 25.5392
18.199999999999989 25.5392
18.29999999999999 25.5392
18.399999999999991 25.5392
18.499999999999993 25.5392
18.599999999999994 25.5392
18.699999999999996 25.5392
18.799999999999997 25.5392
18.899999999999999 25.5392
19 25.5392
19.100000000000001 25.5392
19.200000000000003 25.5392
19.300000000000004 25.5392
19.400000000000006 25.5392
19.500000000000007 25.5392
19.600000000000009 25.5392
19.70000000000001 25.5392
19.800000000000011 25.5392
19.900000000000013 25.5392
20.000000000000014 25.5392
20.100000000000016 25.5392
20.200000000000017 25.5392
20.300000000000018 25.5392
20.40000000000002 1
20.500000000000021 1
20.600000000000023 1
20.700000000000024 1
20.800000000000026 1
20.900000000000027 1
21.000000000000028 1
21.10000000000003 1
21.200000000000031 1
21.300000000000033 1
21.400000000000034 1
21.500000000000036 1
21.600000000000037 1
21.700000000000038 1
21.80000000000004 1
21.900000000000041 1
22.000000000000043 1
22.100000000000044 1
22.200000000000045 1
22.300000000000047 1
22.400000000000048 1
22.50000000000005 1
22.600000000000051 1
22.700000000000053 2
22.800000000000054 2
22.900000000000055 2
23.000000000000057 2
23.100000000000058 2
23.20000000000006 2
23.300000000000061 2
23.400000000000063 2
23.500000000000064 2
23.600000000000065 2
23.700000000000067 2
23.800000000000068 2
23.90000000000007 2
24.000000000000071 2
24.100000000000072 2
24.200000000000074 2
24.300000000000075 2
24.400000000000077 2
24.500000000000078 2
24.60000000000008 2
24.700000000000081 2
24.800000000000082 2
24.900000000000084 2
25.000000000000085 3
25.100000000000087 3
25.200000000000088 3
25.30000000000009 3
25.400000000000091 3
25.500000000000092 3
25.600000000000094 3
25.700000000000095 3
25.800000000000097 3
25.900000000000098 3
26.000000000000099 3
26.100000000000101 3
26.200000000000102 3
26.300000000000104 3
26.400000000000105 3
26.500000000000107 3
26.600000000000108 3
26.700000000000109 3
26.800000000000111 3
26.900000000000112 3
27.000000000000114 3
27.100000000000115 3
27.200000000000117 3
27.300000000000118 3
27.400000000000119 5
27.500000000000121 5
27.600000000000122 5
27.700000000000124 5
27.800000000000125 5
27.900000000000126 5
28.000000000000128 5
28.100000000000129 5
28.200000000000131 5
28.300000000000132 5
28.400000000000134 5
28.500000000000135 5
28.600000000000136 5
28.700000000000138 5
28.800000000000139 5
28.900000000000141 5
29.000000000000142 5
29.100000000000144 5
29.200000000000145 5
29.300000000000146 5
29.400000000000148 5
29.500000000000149 5
29.600000000000151 5
29.700000000000152 7
29.800000000000153 7
29.900000000000155 7
30.000000000000156 7
30.100000000000158 7
30.200000000000159 7
30.300000000000161 7
30.400000000000162 7
30.500000000000163 7
30.600000000000165 7
30.700000000000166 7
30.800000000000168 7
30.900000000000169 7
31.000000000000171 7
31.100000000000172 7
31.200000000000173 7
31.300000000000175 7
31.400000000000176 7
31.500000000000178 7
31.600000000000179 7
31.70000000000018 7
31.800000000000182 7
31.900000000000183 7
32.000000000000185 7
32.100000000000186 10
32.200000000000188 12
32.300000000000189 12
32.40000000000019 12
32.500000000000192 12
32.600000000000193 12
32.700000000000195 12
32.800000000000196 12
32.900000000000198 12
33.000000000000199 12
33.1000000000002 12
33.200000000000202 12
33.300000000000203 12
33.400000000000205 12
33.500000000000206 12
33.600000000000207 12
33.700000000000209 12
33.80000000000021 12
33.900000000000212 12
34.000000000000213 12
34.100000000000215 12
34.200000000000216 12
34.300000000000217 12
34.400000000000219 12.0833
34.50000000000022 12.3299
34.600000000000222 12.411
34.700000000000223 12.411
34.800000000000225 12.411
34.900000000000226 12.411
35.000000000000227 12.411
35.100000000000229 12.411
35.20000000000023 12.411
35.300000000000232 12.411
35.400000000000233 12.411
35.500000000000234 12.411
35.600000000000236 12.411
35.700000000000237 12.411
35.800000000000239 12.411
35.90000000000024 12.411
36.000000000000242 12.411
36.100000000000243 12.411
36.200000000000244 12.411
36.300000000000246 12.411
36.400000000000247 12.411
36.500000000000249 12.411
36.60000000000025 12.411
36.700000000000252 12.411
36.800000000000253 12.4916
36.900000000000254 12.9645
37.000000000000256 13.4206
37.100000000000257 13.4951
37.200000000000259 13.4951
37.30000000000026 13.4951
37.400000000000261 13.4951
37.500000000000263 13.4951
37.600000000000264 13.4951
37.700000000000266 13.4951
37.800000000000267 13.4951
37.900000000000269 13.4951
38.00000000000027 13.4951
38.100000000000271 13.4951
38.200000000000273 13.4951
38.300000000000274 13.4951
38.400000000000276 13.4951
38.500000000000277 13.4951
38.600000000000279 13.4951
38.70000000000028 13.4951
38.800000000000281 13.4951
38.900000000000283 13.4951
39.000000000000284 13.4951
39.100000000000286 13.4951
39.200000000000287 13.7162
39.300000000000288 14.148
39.40000000000029 14.4286
39.500000000000291 14.4286
39.600000000000293 14.4286
39.700000000000294 14.4286
39.800000000000296 14.4286
39.900000000000297 14.4286
40.000000000000298 14.4286
40.1000000000003 14.4286
40.200000000000301 14.4286
40.300000000000303 14.4286
40.400000000000304 14.4286
40.500000000000306 14.4286
40.600000000000307 14.4286
40.700000000000308 14.4286
40.80000000000031 14.4286
40.900000000000311 14.4286
41.000000000000313 14.4286
41.100000000000314 14.4286
41.200000000000315 14.4286
41.300000000000317 14.4286
41.400000000000318 14.4286
41.50000000000032 14.4979
41.600000000000321 14.974
41.700000000000323 15.3704
41.800000000000324 15.3704
41.900000000000325 15.3704
42.000000000000327 15.3704
42.100000000000328 15.3704
42.20000000000033 15.3704
42.300000000000331 15.3704
42.400000000000333 15.3704
42.500000000000334 15.3704
42.600000000000335 15.3704
42.700000000000337 15.3704
42.800000000000338 15.3704
42.90000000000034 15.3704
43.000000000000341 15.3704
43.100000000000342 15.3704
43.200000000000344 15.3704
43.300000000000345 15.3704
43.400000000000347 15.3704
43.500000000000348 15.3704
43.60000000000035 15.3704
43.700000000000351 15.3704
43.800000000000352 15.3704
43.900000000000354 15.7567
44.000000000000355 16.1337
44.100000000000357 16.319
44.200000000000358 16.319
44.30000000000036 16.319
44.400000000000361 16.319
44.500000000000362 16.319
44.600000000000364 16.319
44.700000000000365 16.319
44.800000000000367 16.319
44.900000000000368 16.319
45.000000000000369 16.319
45.100000000000371 16.319
45.200000000000372 16.319
45.300000000000374 16.319
45.400000000000375 16.319
45.500000000000377 16.319
45.600000000000378 16.319
45.700000000000379 16.319
45.800000000000381 16.319
45.900000000000382 16.319
46.000000000000384 16.319
46.100000000000385 16.319
46.200000000000387 16.5627
46.300000000000388 16.9217
46.400000000000389 17.2732
46.500000000000391 17.2732
46.600000000000392 17.2732
46.700000000000394 17.2732
46.800000000000395 17.2732
46.900000000000396 17.2732
47.000000000000398 17.2732
47.100000000000399 17.2732
47.200000000000401 17.2732
47.300000000000402 17.2732
47.400000000000404 17.2732
47.500000000000405 17.2732
47.600000000000406 17.2732
47.700000000000408 17.2732
47.800000000000409 17.2732
47.900000000000411 17.2732
48.000000000000412 17.2732
48.100000000000414 17.2732
48.200000000000415 17.2732
48.300000000000416 17.2732
48.400000000000418 17.2732
48.500000000000419 17.3888
48.600000000000421 17.7311
48.700000000000422 18.1222
48.800000000000423 18.2324
48.900000000000425 18.2324
49.000000000000426 18.2324
49.100000000000428 18.2324
49.200000000000429 18.2324
49.300000000000431 18.2324
49.400000000000432 18.2324
49.500000000000433 18.2324
49.600000000000435 18.2324
49.700000000000436 18.2324
49.800000000000438 18.2324
49.900000000000439 18.2324
50.000000000000441 18.2324
50.100000000000442 18.2324
50.200000000000443 18.2324
50.300000000000445 18.2324
50.400000000000446 18.2324
50.500000000000448 18.2324
50.600000000000449 18.2324
50.70000000000045 18.2324
50.800000000000452 18.2324
50.900000000000453 18.559
51.000000000000455 18.933
51.100000000000456 19.1956
51.200000000000458 19.1956
51.300000000000459 19.1956
51.40000000000046 19.1956
51.500000000000462 19.1956
51.600000000000463 19.1956
51.700000000000465 19.1956
51.800000000000466 19.1956
51.900000000000468 19.1956
52.000000000000469 19.1956
52.10000000000047 19.1956
52.200000000000472 19.1956
52.300000000000473 19.1956
52.400000000000475 19.1956
52.500000000000476 19.1956
52.600000000000477 19.1956
52.700000000000479 19.1956
52.80000000000048 19.1956
52.900000000000482 19.1956
53.000000000000483 19.1956
53.100000000000485 19.1956
53.200000000000486 19.4547
53.300000000000487 19.7611
53.400000000000489 20.0628
53.50000000000049 20.1623
53.600000000000492 20.1623
53.700000000000493 20.1623
53.800000000000495 20.1623
53.900000000000496 20.1623
54.000000000000497 20.1623
54.100000000000499 20.1623
54.2000000000005 20.1623
54.300000000000502 20.1623
54.400000000000503 20.1623
54.500000000000504 20.1623
54.600000000000506 20.1623
54.700000000000507 20.1623
54.800000000000509 20.1623
54.90000000000051 20.1623
55.000000000000512 20.1623
55.100000000000513 20.1623
55.200000000000514 20.1623
55.300000000000516 20.1623
55.400000000000517 20.1623
55.500000000000519 20.3108
55.60000000000052 20.6044
55.700000000000522 20.8939
55.800000000000523 21.1321
55.900000000000524 21.1321
56.000000000000526 21.1321
56.100000000000527 21.1321
56.200000000000529 21.1321
56.30000000000053 21.1321
56.400000000000531 21.1321
56.500000000000533 21.1321
56.600000000000534 21.1321
56.700000000000536 21.1321
56.800000000000537 21.1321
56.900000000000539 21.1321
57.00000000000054 21.1321
57.100000000000541 21.1321
57.200000000000543 21.1321
57.300000000000544 21.1321
57.400000000000546 21.1321
57.500000000000547 21.1321
57.600000000000549 21.1321
57.70000000000055 21.1321
57.800000000000551 21.1795
57.900000000000553 21.4612
58.000000000000554 21.7393
58.100000000000556 22.0592
58.200000000000557 22.1046
58.300000000000558 22.1046
58.40000000000056 22.1046
58.500000000000561 22.1046
58.600000000000563 22.1046
58.700000000000564 22.1046
58.800000000000566 22.1046
58.900000000000567 22.1046
59.000000000000568 22.1046
59.10000000000057 22.1046
59.200000000000571 22.1046
59.300000000000573 22.1046
59.400000000000574 22.1046
59.500000000000576 22.1046
59.600000000000577 22.1046
59.700000000000578 22.1046
59.80000000000058 22.1046
59.900000000000581 22.1046
60.000000000000583 22.1046
60.100000000000584 22.1046
60.200000000000585 22.3299
60.300000000000587 22.6415
60.400000000000588 22.9052
60.50000000000059 23.0793
60.600000000000591 23.0793
60.700000000000593 23.0793
60.800000000000594 23.0793
60.900000000000595 23.0793
61.000000000000597 23.0793
61.100000000000598 23.0793
61.2000000000006 23.0793
61.300000000000601 23.0793
61.400000000000603 23.0793
61.500000000000604 23.0793
61.600000000000605 23.0793
61.700000000000607 23.0793
61.800000000000608 23.0793
61.90000000000061 23.0793
62.000000000000611 23.0793
62.100000000000612 23.0793
62.200000000000614 23.0793
62.300000000000615 23.0793
62.400000000000617 23.0793
62.500000000000618 23.2091
62.60000000000062 23.509
62.700000000000621 23.7631
62.800000000000622 24.0145
62.900000000000624 24.0561
63.000000000000625 24.0561
63.100000000000627 24.0561
63.200000000000628 24.0561
63.30000000000063 24.0561
63.400000000000631 24.0561
63.500000000000632 24.0561
63.600000000000634 24.0561
63.700000000000635 24.0561
63.800000000000637 24.0561
63.900000000000638 24.0561
64.000000000000639 24.0561
64.100000000000634 24.0561
64.200000000000628 24.0561
64.300000000000622 24.0561
64.400000000000617 24.0561
64.500000000000611 24.0561
64.600000000000605 24.0561
64.7000000000006 24.0561
64.800000000000594 24.1392
64.900000000000588 24.3867
65.000000000000583 24.6317
65.100000000000577 24.9145
65.200000000000571 25.0347
65.300000000000566 25.0347
65.40000000000056 25.0347
65.500000000000554 25.0347
65.600000000000549 25.0347
65.700000000000543 25.0347
65.800000000000537 25.0347
65.900000000000531 25.0347
66.000000000000526 25.0347
66.10000000000052 25.0347
66.200000000000514 25.0347
66.300000000000509 25.0347
66.400000000000503 25.0347
66.500000000000497 25.0347
66.600000000000492 25.0347
66.700000000000486 25.0347
66.80000000000048 25.0347
66.900000000000475 25.0347
67.000000000000469 25.0347
67.100000000000463 25.0347
67.200000000000458 25.2734
67.300000000000452 25.5099
67.400000000000446 25.7831
67.500000000000441 26.0149
67.600000000000435 26.0149
67.700000000000429 26.0149
67.800000000000423 26.0149
67.900000000000418 26.0149
68.000000000000412 26.0149
68.100000000000406 26.0149
68.200000000000401 26.0149
68.300000000000395 26.0149
68.400000000000389 26.0149
68.500000000000384 26.0149
68.600000000000378 26.0149
68.700000000000372 26.0149
68.800000000000367 26.0149
68.900000000000361 26.0149
69.000000000000355 26.0149
69.10000000000035 26.0149
69.200000000000344 26.0149
69.300000000000338 26.0149
69.400000000000333 26.0149
69.500000000000327 26.1683
69.600000000000321 26.3968
69.700000000000315 26.6608
69.80000000000031 26.8851
69.900000000000304 26.9965
70.000000000000298 26.9965
70.100000000000293 26.9965
70.200000000000287 26.9965
70.300000000000281 26.9965
70.400000000000276 26.9965
70.50000000000027 26.9965
70.600000000000264 26.9965
70.700000000000259 26.9965
70.800000000000253 26.9965
70.900000000000247 26.9965
71.000000000000242 26.9965
71.100000000000236 26.9965
71.20000000000023 26.9965
71.300000000000225 26.9965
71.400000000000219 26.9965
71.500000000000213 26.9965
71.600000000000207 26.9965
71.700000000000202 26.9965
71.800000000000196 27.0706
71.90000000000019 27.3281
72.000000000000185 27.5469
72.100000000000179 27.764
72.200000000000173 27.9436
72.300000000000168 27.9436
72.400000000000162 27.9436
72.500000000000156 27.9436
72.600000000000151 27.9436
72.700000000000145 27.9436
72.800000000000139 27.9436
72.900000000000134 27.9436
73.000000000000128 27.9436
73.100000000000122 27.9436
73.200000000000117 27.9436
73.300000000000111 27.9436
73.400000000000105 27.9436
73.500000000000099 27.9436
73.600000000000094 27.9436
73.700000000000088 27.9436
73.800000000000082 27.9436
73.900000000000077 27.9436
74.000000000000071 27.9436
74.100000000000065 27.9436
74.20000000000006 28.1932
74.300000000000054 28.4053
74.400000000000048 28.6159
74.500000000000043 28.8596
74.600000000000037 28.8943
74.700000000000031 28.8943
74.800000000000026 28.8943
74.90000000000002 28.8943
75.000000000000014 28.8943
75.100000000000009 28.8943
75.200000000000003 28.8943
75.299999999999997 28.8943
75.399999999999991 28.8943
75.499999999999986 28.8943
75.59999999999998 28.8943
75.699999999999974 28.8943
75.799999999999969 28.8943
75.899999999999963 28.8943
75.999999999999957 28.8943
76.099999999999952 28.8943
76.199999999999946 28.8943
76.29999999999994 28.8943
76.399999999999935 28.8943
76.499999999999929 29.0669
76.599999999999923 29.2727
76.699999999999918 29.511
76.799999999999912 29.7138
76.899999999999906 29.8482
76.999999999999901 29.8482
77.099999999999895 29.8482
77.199999999999889 29.8482
77.299999999999883 29.8482
77.399999999999878 29.8482
77.499999999999872 29.8482
77.599999999999866 29.8482
77.699999999999861 29.8482
77.799999999999855 29.8482
77.899999999999849 29.8482
77.999999999999844 29.8482
78.099999999999838 29.8482
78.199999999999832 29.8482
78.299999999999827 29.8482
78.399999999999821 29.8482
78.499999999999815 29.8482
78.59999999999981 29.8482
78.699999999999804 29.8482
78.799999999999798 29.9486
78.899999999999793 30.1483
78.999999999999787 30.3798
79.099999999999781 30.5767
79.199999999999775 30.7724
79.29999999999977 30.8049
79.399999999999764 30.8049
79.499999999999758 30.8049
79.599999999999753 30.8049
79.699999999999747 30.8049
79.799999999999741 30.8049
79.899999999999736 30.8049
79.99999999999973 30.8049
80.099999999999724 30.8049
80.199999999999719 30.8049
80.299999999999713 30.8049
80.399999999999707 30.8049
80.499999999999702 30.8049
80.599999999999696 30.8049
80.69999999999969 30.8049
80.799999999999685 30.8049
80.899999999999679 30.8049
80.999999999999673 30.8049
81.099999999999667 30.8374
81.199999999999662 31.0315
81.299999999999656 31.2563
81.39999999999965 31.4478
81.499999999999645 31.6381
81.599999999999639 31.7644
81.699999999999633 31.7644
81.799999999999628 31.7644
81.899999999999622 31.7644
81.999999999999616 31.7644
82.099999999999611 31.7644
82.199999999999605 31.7644
82.299999999999599 31.7644
82.399999999999594 31.7644
82.499999999999588 31.7644
82.599999999999582 31.7644
82.699999999999577 31.7644
82.799999999999571 31.7644
82.899999999999565 31.7644
82.999999999999559 31.7644
83.099999999999554 31.7644
83.199999999999548 31.7644
83.299999999999542 31.7644
83.399999999999537 31.7644
83.499999999999531 31.9528
83.599999999999525 32.1401
83.69999999999952 32.3263
83.799999999999514 32.5423
83.899999999999508 32.7262
83.999999999999503 32.7262
84.099999999999497 32.7262
84.199999999999491 32.7262
84.299999999999486 32.7262
84.39999999999948 32.7262
84.499999999999474 32.7262
84.599999999999469 32.7262
84.699999999999463 32.7262
84.799999999999457 32.7262
84.899999999999451 32.7262
84.999999999999446 32.7262
85.09999999999944 32.7262
85.199999999999434 32.7262
85.299999999999429 32.7262
85.399999999999423 32.7262
85.499999999999417 32.7262
85.599999999999412 32.7262
85.699999999999406 32.7262
85.7999999999994 32.8483
85.899999999999395 33.0305
85.999999999999389 33.2117
86.099999999999383 33.4219
86.199999999999378 33.6011
86.299999999999372 33.6903
86.399999999999366 33.6903
86.499999999999361 33.6903
86.599999999999355 33.6903
86.699999999999349 33.6903
86.799999999999343 33.6903
86.899999999999338 33.6903
86.999999999999332 33.6903
87.099999999999326 33.6903
87.199999999999321 33.6903
87.299999999999315 33.6903
87.399999999999309 33.6903
87.499999999999304 33.6903
87.599999999999298 33.6903
87.699999999999292 33.6903
87.799999999999287 33.6903
87.899999999999281 33.6903
87.999999999999275 33.6903
88.09999999999927 33.7496
88.199999999999264 33.927
88.299999999999258 34.1035
88.399999999999253 34.3082
88.499999999999247 34.4827
88.599999999999241 34.6563
88.699999999999235 34.6563
88.79999999999923 34.6563
88.899999999999224 34.6563
88.999999999999218 34.6563
89.099999999999213 34.6563
89.199999999999207 34.6563
89.299999999999201 34.6563
89.399999999999196 34.6563
89.49999999999919 34.6563
89.599999999999184 34.6563
89.699999999999179 34.6563
89.799999999999173 34.6563
89.899999999999167 34.6563
89.999999999999162 34.6563
90.099999999999156 34.6563
90.19999999999915 34.6563
90.299999999999145 34.6563
90.399999999999139 34.6563
90.499999999999133 34.8291
90.599999999999127 35.0296
90.699999999999122 35.2005
90.799999999999116 35.3706
90.89999999999911 35.5681
90.999999999999105 35.6243
91.099999999999099 35.6243
91.199999999999093 35.6243
91.299999999999088 35.6243
91.399999999999082 35.6243
91.499999999999076 35.6243
91.599999999999071 35.6243
91.699999999999065 35.6243
91.799999999999059 35.6243
91.899999999999054 35.6243
91.999999999999048 35.6243
92.099999999999042 35.6243
92.199999999999037 35.6243
92.299999999999031 35.6243
92.399999999999025 35.6243
92.499999999999019 35.6243
92.599999999999014 35.6243
92.699999999999008 35.6243
92.799999999999002 35.7364
92.899999999998997 35.9319
92.999999999998991 36.0985
93.099999999998985 36.2644
93.19999999999898 36.457
93.299999999998974 36.5939
93.399999999998968 36.5939
93.499999999998963 36.5939
93.599999999998957 36.5939
93.699999999998951 36.5939
93.799999999998946 36.5939
93.89999999999894 36.5939
93.999999999998934 36.5939
94.099999999998929 36.5939
94.199999999998923 36.5939
94.299999999998917 36.5939
94.399999999998911 36.5939
94.499999999998906 36.5939
94.5999999999989 36.5939
94.699999999998894 36.5939
94.799999999998889 36.5939
94.899999999998883 36.5939
94.999999999998877 36.5939
95.099999999998872 36.6759
95.199999999998866 36.8392
95.29999999999886 37.0017
95.399999999998855 37.1905
95.499999999998849 37.3515
95.599999999998843 37.5119
95.699999999998838 37.5652
95.799999999998832 37.5652
95.899999999998826 37.5652
95.99999999999882 37.5652
96.099999999998815 37.5652
96.199999999998809 37.5652
96.299999999998803 37.5652
96.399999999998798 37.5652
96.499999999998792 37.5652
96.599999999998786 37.5652
96.699999999998781 37.5652
96.799999999998775 37.5652
96.899999999998769 37.5652
96.999999999998764 37.5652
97.099999999998758 37.5652
97.199999999998752 37.5652
97.299999999998747 37.5652
97.399999999998741 37.5918
97.499999999998735 37.7511
97.59999999999873 37.9098
97.699999999998724 38.0941
97.799999999998718 38.2513
97.899999999998712 38.4079
97.999999999998707 38.5379
98.099999999998701 38.5379
98.199999999998695 38.5379
98.29999999999869 38.5379
98.399999999998684 38.5379
98.499999999998678 38.5379
98.599999999998673 38.5379
98.699999999998667 38.5379
98.799999999998661 38.5379
98.899999999998656 38.5379
98.99999999999865 38.5379
99.099999999998644 38.5379
99.199999999998639 38.5379
99.299999999998633 38.5379
99.399999999998627 38.5379
99.499999999998622 38.5379
99.599999999998616 38.5379
99.69999999999861 38.5379
99.799999999998604 38.6674
99.899999999998599 38.8224
99.999999999998593 39.0023
100.09999999999859 39.1559
100.19999999999858 39.3089
100.29999999999858 39.4866
100.39999999999857 39.5119
100.49999999999856 39.5119
100.59999999999856 39.5119
100.69999999999855 39.5119
100.79999999999855 39.5119
100.89999999999854 39.5119
100.99999999999854 39.5119
101.09999999999853 39.5119
101.19999999999852 39.5119
101.29999999999852 39.5119
101.39999999999851 39.5119
101.49999999999851 39.5119
101.5999999999985 39.5119
101.6999999999985 39.5119
101.79999999999849 39.5119
101.89999999999849 39.5119
101.99999999999848 39.5119
102.09999999999847 39.5878
102.19999999999847 39.7643
102.29999999999846 39.915
102.39999999999846 39.9901
102.49999999999845 39.9901
102.59999999999845 39.9901
102.69999999999844 39.9901
102.79999999999843 39.9901
102.89999999999843 39.9901
102.99999999999842 39.9901
103.09999999999842 39.9901
103.19999999999841 39.9901
103.29999999999841 39.9901
103.3999999999984 39.9901
103.49999999999839 39.9901
103.59999999999839 39.9901
103.69999999999838 39.9901
103.79999999999838 39.9901
103.89999999999837 39.9901
103.99999999999837 39.9901
104.09999999999836 39.9901
104.19999999999835 39.9901
104.29999999999835 39.9901
104.39999999999834 39.9901
104.49999999999834 39.9901
104.59999999999833 39.9901
104.69999999999833 39.9901
104.79999999999832 1
104.89999999999831 1
104.99999999999831 1
105.0999999999983 1
105.1999999999983 1
105.29999999999829 1
105.39999999999829 1
105.49999999999828 1
105.59999999999827 1
105.69999999999827 1
105.79999999999826 1
105.89999999999826 1
105.99999999999825 1
106.09999999999825 1
106.19999999999824 1
106.29999999999824 1
106.39999999999823 1
106.49999999999822 1
106.59999999999822 1
106.69999999999821 1
106.79999999999821 1
106.8999999999982 1
106.9999999999982 1
107.09999999999819 1
107.19999999999818 1
107.29999999999818 1
107.39999999999817 1
107.49999999999817 1
107.59999999999816 1
107.69999999999816 1
107.79999999999815 1
107.89999999999814 1
107.99999999999814 1
108.09999999999813 1
108.19999999999813 1
108.29999999999812 1
108.39999999999812 1
108.49999999999811 1
108.5999999999981 1
108.6999999999981 1
108.79999999999809 1
108.89999999999809 1
108.99999999999808 1
109.09999999999808 1
109.19999999999807 1
109.29999999999806 1
109.39999999999806 1
109.49999999999805 1
109.59999999999805 1
109.69999999999804 1
109.79999999999804 1
109.89999999999803 1
109.99999999999802 1
110.09999999999802 1
110.19999999999801 1
110.29999999999801 1
110.399999999998 1
110.499999999998 1
110.59999999999799 1
110.69999999999798 1
110.79999999999798 1
110.89999999999797 1
110.99999999999797 1
111.09999999999796 1
111.19999999999796 1
111.29999999999795 1
111.39999999999795 1
111.49999999999794 1
111.59999999999793 1
111.69999999999793 1
111.79999999999792 1
111.89999999999792 1
111.99999999999791 1
112.09999999999791 1
112.1999999999979 1
112.29999999999789 1
112.39999999999789 1
112.49999999999788 1
112.59999999999788 1
112.69999999999787 1
112.79999999999787 1
112.89999999999786 1
112.99999999999785 1
113.09999999999785 1
113.19999999999784 1
113.29999999999784 1
113.39999999999783 1
113.49999999999783 1
113.59999999999782 1
113.69999999999781 1
113.79999999999781 1
113.8999999999978 1
113.9999999999978 1
114.09999999999779 1
114.19999999999779 1
114.29999999999778 1
114.39999999999777 1
114.49999999999777 1
114.59999999999776 1
114.69999999999776 1
114.79999999999775 1
114.89999999999775 1
114.99999999999774 1
115.09999999999773 1
115.19999999999773 1
115.29999999999772 1
115.39999999999772 1
115.49999999999771 1
115.59999999999771 1
115.6999999999977 1
115.79999999999769 1
115.89999999999769 1
115.99999999999768 1
116.09999999999768 1
116.19999999999767 1
116.29999999999767 1
116.39999999999766 1
116.49999999999766 1
116.59999999999765 1
116.69999999999764 1
116.79999999999764 1
116.89999999999763 1
116.99999999999763 1
117.09999999999762 1
117.19999999999762 1
117.29999999999761 1
117.3999999999976 1
117.4999999999976 1
117.59999999999759 1
117.69999999999759 1
117.79999999999758 1
117.89999999999758 1
117.99999999999757 1
118.09999999999756 1
118.19999999999756 1
118.29999999999755 1
118.39999999999755 1
118.49999999999754 1
118.59999999999754 1
118.69999999999753 1
118.79999999999752 1
118.89999999999752 1
118.99999999999751 1
119.09999999999751 1
119.1999999999975 1
119.2999999999975 1
119.39999999999749 1
119.49999999999748 1
119.59999999999748 1
119.69999999999747 1
119.79999999999747 1
119.89999999999746 1
119.99999999999746 1
120.09999999999745 1
120.19999999999744 1
120.29999999999744 1
120.39999999999743 1
120.49999999999743 1
120.59999999999742 1
120.69999999999742 1
120.79999999999741 1
120.89999999999741 1
120.9999999999974 1
121.09999999999739 1
121.19999999999739 1
121.29999999999738 1
121.39999999999738 1
121.49999999999737 1
121.59999999999737 1
121.69999999999736 1
121.79999999999735 1
121.89999999999735 1
121.99999999999734 1
122.09999999999734 1
122.19999999999733 1
122.29999999999733 1
122.39999999999732 1
122.49999999999731 1
122.59999999999731 1
122.6999999999973 1
122.7999999999973 1
122.89999999999729 1
122.99999999999729 1
123.09999999999728 1
123.19999999999727 1
123.29999999999727 1
123.39999999999726 1
123.49999999999726 1
123.59999999999725 1
123.69999999999725 1
123.79999999999724 1
123.89999999999723 1
123.99999999999723 1
124.09999999999722 1
124.19999999999722 1
124.29999999999721 1
124.39999999999721 1
124.4999999999972 1
124.59999999999719 1
124.69999999999719 1
124.79999999999718 1
124.89999999999718 1
124.99999999999717 1
