0.10000000000000001 1
0.20000000000000001 1
0.30000000000000004 1
0.40000000000000002 1
0.5 1
0.59999999999999998 1
0.69999999999999996 2
0.79999999999999993 2
0.89999999999999991 2
0.99999999999999989 2
1.0999999999999999 2
1.2 4
1.3 4
1.4000000000000001 4
1.5000000000000002 4
1.6000000000000003 4
1.7000000000000004 5
1.8000000000000005 8
1.9000000000000006 8
2.0000000000000004 8
2.1000000000000005 8
2.2000000000000006 8
2.3000000000000007 11
2.4000000000000008 16
2.5000000000000009 16
2.600000000000001 16
2.7000000000000011 16
2.8000000000000012 16
2.9000000000000012 17
3.0000000000000013 21
3.1000000000000014 1
3.2000000000000015 1
3.3000000000000016 1
3.4000000000000017 1
3.5000000000000018 1
3.6000000000000019 1
3.700000000000002 2
3.800000000000002 2
3.9000000000000021 2
4.0000000000000018 2
4.1000000000000014 2
4.2000000000000011 2
4.3000000000000007 3
4.4000000000000004 3
4.5 3
4.5999999999999996 3
4.6999999999999993 3
4.7999999999999989 5
4.8999999999999986 5
4.9999999999999982 5
5.0999999999999979 5
5.1999999999999975 5
5.2999999999999972 7
5.3999999999999968 7
5.4999999999999964 7
5.5999999999999961 7
5.6999999999999957 7
5.7999999999999954 8
5.899999999999995 10.1
5.9999999999999947 10.1
6.0999999999999943 10.1
6.199999999999994 10.1
6.2999999999999936 10.1
6.3999999999999932 10.6802
6.4999999999999929 11.2302
6.5999999999999925 11.2302
6.6999999999999922 11.2302
6.7999999999999918 11.2302
6.8999999999999915 11.4076
6.9999999999999911 11.9238
7.0999999999999908 12.1736
7.1999999999999904 12.1736
7.2999999999999901 12.1736
7.3999999999999897 12.1736
7.4999999999999893 12.6585
7.599999999999989 12.9716
7.6999999999999886 13.1253
7.7999999999999883 13.1253
7.8999999999999879 13.1253
7.9999999999999876 13.4274
8.0999999999999872 13.8682
8.1999999999999869 14.0121
8.2999999999999865 14.0835
8.3999999999999861 14.0835
8.4999999999999858 14.2251
8.5999999999999854 14.7101
8.6999999999999851 14.9131
8.7999999999999847 15.0469
8.8999999999999844 15.0469
8.999999999999984 15.1134
9.0999999999999837 15.5061
9.1999999999999833 15.6988
9.2999999999999829 15.7625
9.3999999999999826 15.9521
9.4999999999999822 16.0148
9.5999999999999819 16.3246
9.6999999999999815 16.6286
9.7999999999999812 16.6887
9.8999999999999808 16.8084
9.9999999999999805 16.9862
10.09999999999998 17.1622
10.19999999999998 17.5089
10.299999999999979 17.566
10.399999999999979 17.6229
10.499999999999979 17.8488
10.599999999999978 17.9607
10.699999999999978 18.3469
10.799999999999978 18.5099
10.899999999999977 18.564
10.999999999999977 18.6178
11.099999999999977 18.8317
11.199999999999976 19.1481
11.299999999999976 19.4079
11.399999999999975 19.4594
11.499999999999975 19.5108
11.599999999999975 19.6131
11.699999999999974 19.9171
11.799999999999974 20.2659
11.899999999999974 20.4136
11.999999999999973 20.4136
12.099999999999973 20.4626
12.199999999999973 20.6574
12.299999999999972 20.9462
12.399999999999972 21.231
12.499999999999972 21.372
12.599999999999971 21.372
12.699999999999971 21.4188
12.799999999999971 21.6049
12.89999999999997 21.8812
12.99999999999997 22.1539
13.099999999999969 22.2891
13.199999999999969 22.334
13.299999999999969 22.334
13.399999999999968 22.468
13.499999999999968 22.7337
13.599999999999968 23.0399
13.699999999999967 23.1699
13.799999999999967 23.2991
13.899999999999967 23.2991
13.999999999999966 23.342
14.099999999999966 23.5554
14.199999999999966 23.851
14.299999999999965 23.9766
14.399999999999965 1
14.499999999999964 1
14.599999999999964 1
14.699999999999964 1
14.799999999999963 1
14.899999999999963 2
14.999999999999963 2
15.099999999999962 2
15.199999999999962 2
15.299999999999962 2
15.399999999999961 2
15.499999999999961 4
15.599999999999961 4
15.69999999999996 4
15.79999999999996 4
15.899999999999959 4
15.999999999999959 7
16.099999999999959 8
16.19999999999996 8
16.299999999999962 8
16.399999999999963 8
16.499999999999964 10
16.599999999999966 11.3592
16.699999999999967 11.4473
16.799999999999969 11.4473
16.89999999999997 11.4473
16.999999999999972 11.4473
17.099999999999973 11.9618
17.199999999999974 12.2927
17.299999999999976 12.3741
17.399999999999977 12.3741
17.499999999999979 12.3741
17.59999999999998 12.6942
17.699999999999982 13.0834
17.799999999999983 13.3113
17.899999999999984 13.3113
17.999999999999986 13.3113
18.099999999999987 13.4612
18.199999999999989 13.8286
18.29999999999999 14.1864
18.399999999999991 14.2569
18.499999999999993 14.2569
18.599999999999994 14.2569
18.699999999999996 14.6727
18.799999999999997 15.0104
18.899999999999999 15.2094
19 15.2094
19.100000000000001 15.2094
19.200000000000003 15.5353
19.300000000000004 15.7912
19.400000000000006 16.043
19.500000000000007 16.1674
19.600000000000009 16.1674
19.70000000000001 16.3523
19.800000000000011 16.5956
19.900000000000013 16.8353
20.000000000000014 17.0716
20.100000000000016 17.1302
20.200000000000017 17.1302
20.300000000000018 17.4201
20.40000000000002 17.6486
20.500000000000021 17.8742
20.600000000000023 18.0969
20.700000000000024 18.0969
20.800000000000026 18.0969
20.900000000000027 18.3716
21.000000000000028 18.5883
21.10000000000003 18.8026
21.200000000000031 19.0144
21.300000000000033 19.067
21.400000000000034 19.067
21.500000000000036 19.276
21.600000000000037 19.4826
21.700000000000038 19.6871
21.80000000000004 19.8895
21.900000000000041 20.04
22.000000000000043 20.04
22.100000000000044 20.1397
22.200000000000045 20.3376
22.300000000000047 20.5335
22.400000000000048 20.7276
22.50000000000005 20.92
22.600000000000051 20.9678
22.700000000000053 20.9678
22.800000000000054 1
22.900000000000055 1
23.000000000000057 1
23.100000000000058 1
23.20000000000006 1
23.300000000000061 1
23.400000000000063 1
23.500000000000064 2
23.600000000000065 2
23.700000000000067 2
23.800000000000068 2
23.90000000000007 2
24.000000000000071 4
24.100000000000072 4
24.200000000000074 4
24.300000000000075 4
24.400000000000077 4
24.500000000000078 4
24.60000000000008 8
24.700000000000081 8
24.800000000000082 8
24.900000000000084 8
25.000000000000085 8
25.100000000000087 10.199
25.200000000000088 10.5857
25.30000000000009 10.5857
25.400000000000091 10.5857
25.500000000000092 10.5857
25.600000000000094 10.8666
25.700000000000095 11.4076
25.800000000000097 11.4952
25.900000000000098 11.4952
26.000000000000099 11.4952
26.100000000000101 11.5822
26.200000000000102 12.0909
26.300000000000104 12.4184
26.400000000000105 12.4184
26.500000000000107 12.4184
26.600000000000108 12.4184
26.700000000000109 12.816
26.800000000000111 13.3525
26.900000000000112 13.3525
27.000000000000114 13.3525
27.100000000000115 13.3525
27.200000000000117 13.576
27.300000000000118 14.0835
27.400000000000119 14.2954
27.500000000000121 14.2954
27.600000000000122 14.2954
27.700000000000124 14.3654
27.800000000000125 14.8458
27.900000000000126 15.1796
28.000000000000128 15.2454
28.100000000000129 15.2454
28.200000000000131 15.2454
28.300000000000132 15.6348
28.400000000000134 16.0148
28.500000000000135 16.2014
28.600000000000136 16.2014
28.700000000000138 16.2014
28.800000000000139 16.3858
28.900000000000141 16.7487
29.000000000000142 16.9862
29.100000000000144 17.1622
29.200000000000145 17.1622
29.300000000000146 17.1622
29.400000000000148 17.3941
29.500000000000149 17.7363
29.600000000000151 17.9049
29.700000000000152 18.1272
29.800000000000153 18.1272
29.900000000000155 18.1272
30.000000000000156 18.2922
30.100000000000158 18.6178
30.200000000000159 18.7785
30.300000000000161 19.0433
30.400000000000162 19.0958
30.500000000000163 19.0958
30.600000000000165 19.0958
30.700000000000166 19.4079
30.800000000000168 19.6131
30.900000000000169 19.8668
31.000000000000171 19.9673
31.100000000000172 19.9673
31.200000000000173 19.9673
31.300000000000175 1
31.400000000000176 1
31.500000000000178 1
31.600000000000179 1
31.70000000000018 1
31.800000000000182 1
31.900000000000183 2
32.000000000000185 2
32.100000000000186 2
32.200000000000188 2
32.300000000000189 2
32.40000000000019 4
32.500000000000192 4
32.600000000000193 4
32.700000000000195 4
32.800000000000196 4
32.900000000000198 4
33.000000000000199 8
33.1000000000002 8
33.200000000000202 8
33.300000000000203 8
33.400000000000205 8
33.500000000000206 9.43651
33.600000000000207 9.75093
33.700000000000209 9.75093
33.80000000000021 9.75093
33.900000000000212 9.75093
34.000000000000213 10.0554
34.100000000000215 10.638
34.200000000000216 10.638
34.300000000000217 10.638
34.400000000000219 10.638
34.50000000000022 10.7321
34.600000000000222 11.2795
34.700000000000223 11.5434
34.800000000000225 11.5434
34.900000000000226 11.5434
35.000000000000227 11.5434
35.100000000000229 11.9702
35.20000000000023 12.463
35.300000000000232 12.463
35.400000000000233 12.463
35.500000000000234 12.463
35.600000000000236 12.7809
35.700000000000237 13.2434
35.800000000000239 13.394
35.90000000000024 13.394
36.000000000000242 13.394
36.100000000000243 13.5429
36.200000000000244 13.9801
36.300000000000246 14.264
36.400000000000247 14.3341
36.500000000000249 14.3341
36.60000000000025 14.3341
36.700000000000252 14.7477
36.800000000000253 15.0837
36.900000000000254 15.2817
37.000000000000256 15.2817
37.100000000000257 15.2817
37.200000000000259 15.4772
37.30000000000026 15.8609
37.400000000000261 16.1116
37.500000000000263 16.2355
37.600000000000264 16.2355
37.700000000000266 16.2355
37.800000000000267 16.4805
37.900000000000269 16.8413
38.00000000000027 17.0188
38.100000000000271 17.1945
38.200000000000273 17.1945
38.300000000000274 17.1945
38.400000000000276 17.3684
38.500000000000277 17.711
38.600000000000279 17.8798
38.70000000000028 18.1025
38.800000000000281 18.1578
38.900000000000283 18.1578
39.000000000000284 18.1578
39.100000000000286 18.4857
39.200000000000287 18.7012
39.300000000000288 18.9142
39.40000000000029 18.967
39.500000000000291 18.967
39.600000000000293 18.967
39.700000000000294 1
39.800000000000296 1
39.900000000000297 1
40.000000000000298 1
40.1000000000003 1
40.200000000000301 1
40.300000000000303 1
40.400000000000304 2
40.500000000000306 2
40.600000000000307 2
40.700000000000308 2
40.80000000000031 2
40.900000000000311 4
41.000000000000313 4
41.100000000000314 4
41.200000000000315 4
41.300000000000317 4
41.400000000000318 6
41.50000000000032 8
41.600000000000321 8
41.700000000000323 8
41.800000000000324 8
41.900000000000325 8
42.000000000000327 9.54248
42.100000000000328 9.75093
42.20000000000033 9.75093
42.300000000000331 9.75093
42.400000000000333 9.75093
42.500000000000334 10.1549
42.600000000000335 10.5432
42.700000000000337 10.638
42.800000000000338 10.638
42.90000000000034 10.638
43.000000000000341 10.8252
43.100000000000342 11.2795
43.200000000000344 11.5434
43.300000000000345 11.5434
43.400000000000347 11.5434
43.500000000000348 11.5434
43.60000000000035 12.0538
43.700000000000351 12.3823
43.800000000000352 12.463
43.900000000000354 12.463
44.000000000000355 12.463
44.100000000000357 12.7809
44.200000000000358 13.1675
44.30000000000036 13.394
44.400000000000361 13.394
44.500000000000362 13.394
44.600000000000364 13.5429
44.700000000000365 13.9801
44.800000000000367 14.1936
44.900000000000368 14.3341
45.000000000000369 14.3341
45.100000000000371 14.4039
45.200000000000372 14.7477
45.300000000000374 15.0171
45.400000000000375 15.2817
45.500000000000377 15.2817
45.600000000000378 15.2817
45.700000000000379 15.4772
45.800000000000381 15.7341
45.900000000000382 16.0493
46.000000000000384 16.2355
46.100000000000385 16.2355
46.200000000000387 16.2355
46.300000000000388 16.4805
46.400000000000389 16.7219
46.500000000000391 16.9598
46.600000000000392 17.1945
46.700000000000394 17.1945
46.800000000000395 17.1945
46.900000000000396 17.3684
47.000000000000398 17.5975
47.100000000000399 17.8237
47.200000000000401 18.0471
47.300000000000402 18.1578
47.400000000000404 18.1578
47.500000000000405 18.1578
47.600000000000406 18.3771
47.700000000000408 18.6475
47.800000000000409 18.8611
47.900000000000411 18.967
48.000000000000412 18.967
48.100000000000414 18.967
48.200000000000415 1
48.300000000000416 1
48.400000000000418 1
48.500000000000419 1
48.600000000000421 1
48.700000000000422 1
48.800000000000423 2
48.900000000000425 2
49.000000000000426 2
49.100000000000428 2
49.200000000000429 2
49.300000000000431 4
49.400000000000432 4
49.500000000000433 4
49.600000000000435 4
49.700000000000436 4
49.800000000000438 4
49.900000000000439 8
50.000000000000441 8
50.100000000000442 8
50.200000000000443 8
50.300000000000445 8
50.400000000000446 9.43651
50.500000000000448 9.75093
50.600000000000449 9.75093
50.70000000000045 9.75093
50.800000000000452 9.75093
50.900000000000453 10.0554
51.000000000000455 10.638
51.100000000000456 10.638
51.200000000000458 10.638
51.300000000000459 10.638
51.40000000000046 10.7321
51.500000000000462 11.2795
51.600000000000463 11.5434
51.700000000000465 11.5434
51.800000000000466 11.5434
51.900000000000468 11.5434
52.000000000000469 11.9702
52.10000000000047 12.463
52.200000000000472 12.463
52.300000000000473 12.463
52.400000000000475 12.463
52.500000000000476 12.7809
52.600000000000477 13.2434
52.700000000000479 13.394
52.80000000000048 13.394
52.900000000000482 13.394
53.000000000000483 13.5429
53.100000000000485 13.9801
53.200000000000486 14.264
53.300000000000487 14.3341
53.400000000000489 14.3341
53.50000000000049 14.3341
53.600000000000492 14.7477
53.700000000000493 15.15
53.800000000000495 15.2817
53.900000000000496 15.2817
54.000000000000497 15.2817
54.100000000000499 15.4772
54.2000000000005 15.8609
54.300000000000502 16.1116
54.400000000000503 16.2355
54.500000000000504 16.2355
54.600000000000506 16.2355
54.700000000000507 16.4805
54.800000000000509 16.8413
54.90000000000051 17.0776
55.000000000000512 17.1945
55.100000000000513 17.1945
55.200000000000514 17.1945
55.300000000000516 17.3684
55.400000000000517 17.711
55.500000000000519 17.9358
55.60000000000052 18.1025
55.700000000000522 18.1578
55.800000000000523 18.1578
55.900000000000524 18.1578
56.000000000000526 18.4857
56.100000000000527 18.7546
56.200000000000529 18.9142
56.30000000000053 18.967
56.400000000000531 18.967
56.500000000000533 18.967
56.600000000000534 1
56.700000000000536 1
56.800000000000537 1
56.900000000000539 1
57.00000000000054 1
57.100000000000541 1
57.200000000000543 2
57.300000000000544 2
57.400000000000546 2
57.500000000000547 2
57.600000000000549 2
57.70000000000055 4
57.800000000000551 4
57.900000000000553 4
58.000000000000554 4
58.100000000000556 4
58.200000000000557 5
58.300000000000558 8
58.40000000000056 8
58.500000000000561 8
58.600000000000563 8
58.700000000000564 8
58.800000000000566 9.54248
58.900000000000567 9.75093
59.000000000000568 9.75093
59.10000000000057 9.75093
59.200000000000571 9.75093
59.300000000000573 10.1549
59.400000000000574 10.638
59.500000000000576 10.638
59.600000000000577 10.638
59.700000000000578 10.638
59.80000000000058 10.8252
59.900000000000581 11.4561
60.000000000000583 11.5434
60.100000000000584 11.5434
60.200000000000585 11.5434
60.300000000000587 11.5434
60.400000000000588 12.1367
60.50000000000059 12.463
60.600000000000591 12.463
60.700000000000593 12.463
60.800000000000594 12.463
60.900000000000595 12.8592
61.000000000000597 13.3189
61.100000000000598 13.394
61.2000000000006 13.394
61.300000000000601 13.394
61.400000000000603 13.6167
61.500000000000604 14.0516
61.600000000000605 14.3341
61.700000000000607 14.3341
61.800000000000608 14.3341
61.90000000000061 14.4039
62.000000000000611 14.8155
62.100000000000612 15.216
62.200000000000614 15.2817
62.300000000000615 15.2817
62.400000000000617 15.2817
62.500000000000618 15.5418
62.60000000000062 15.924
62.700000000000621 16.1737
62.800000000000622 16.2355
62.900000000000624 16.2355
63.000000000000625 16.2355
63.100000000000627 16.5412
63.200000000000628 16.9007
63.30000000000063 17.1361
63.400000000000631 17.1945
63.500000000000632 17.1945
63.600000000000634 17.1945
63.700000000000635 17.4259
63.800000000000637 17.7675
63.900000000000638 17.9915
64.000000000000639 18.1578
64.100000000000634 18.1578
64.200000000000628 18.1578
64.300000000000622 18.2128
64.400000000000617 18.5398
64.500000000000611 18.808
64.600000000000605 18.967
64.7000000000006 18.967
64.800000000000594 18.967
64.900000000000588 18.967
65.000000000000583 1
65.100000000000577 1
65.200000000000571 1
65.300000000000566 1
65.40000000000056 1
65.500000000000554 2
65.600000000000549 2
65.700000000000543 2
65.800000000000537 2
65.900000000000531 2
66.000000000000526 2
66.10000000000052 4
66.200000000000514 4
66.300000000000509 4
66.400000000000503 4
66.500000000000497 4
66.600000000000492 8
66.700000000000486 8
66.80000000000048 8
66.900000000000475 8
67.000000000000469 8
67.100000000000463 9.11111
67.200000000000458 9.75093
67.300000000000452 9.75093
67.400000000000446 9.75093
67.500000000000441 9.75093
67.600000000000435 9.75093
67.700000000000429 10.3509
67.800000000000423 10.638
67.900000000000418 10.638
68.000000000000412 10.638
68.100000000000406 10.638
68.200000000000401 11.0092
68.300000000000395 11.5434
68.400000000000389 11.5434
68.500000000000384 11.5434
68.600000000000378 11.5434
68.700000000000372 11.8014
68.800000000000367 12.301
68.900000000000361 12.463
69.000000000000355 12.463
69.10000000000035 12.463
69.200000000000344 12.5433
69.300000000000338 13.0142
69.400000000000333 13.394
69.500000000000327 13.394
69.600000000000321 13.394
69.700000000000315 13.394
69.80000000000031 13.7632
69.900000000000304 14.264
70.000000000000298 14.3341
70.100000000000293 14.3341
70.200000000000287 14.3341
70.300000000000281 14.5424
70.400000000000276 15.0171
70.50000000000027 15.2817
70.600000000000264 15.2817
70.700000000000259 15.2817
70.800000000000253 15.2817
70.900000000000247 15.6702
71.000000000000242 16.0493
71.100000000000236 16.2355
71.20000000000023 16.2355
71.300000000000225 16.2355
71.400000000000219 16.2971
71.500000000000213 16.6619
71.600000000000207 17.0188
71.700000000000202 17.1945
71.800000000000196 17.1945
71.90000000000019 17.1945
72.000000000000185 17.1945
72.100000000000179 17.5405
72.200000000000173 17.8798
72.300000000000168 18.0471
72.400000000000162 18.1578
72.500000000000156 18.1578
72.600000000000151 18.1578
72.700000000000145 18.3225
72.800000000000139 18.6475
72.900000000000134 18.8611
73.000000000000128 18.967
73.100000000000122 18.967
73.200000000000117 18.967
73.300000000000111 18.967
73.400000000000105 1
73.500000000000099 1
73.600000000000094 1
73.700000000000088 1
73.800000000000082 1
73.900000000000077 2
74.000000000000071 2
74.100000000000065 2
74.20000000000006 2
74.300000000000054 2
74.400000000000048 3
74.500000000000043 4
74.600000000000037 4
74.700000000000031 4
74.800000000000026 4
74.90000000000002 4
75.000000000000014 8
75.100000000000009 8
75.200000000000003 8
75.299999999999997 8
75.399999999999991 8
75.499999999999986 9.32932
75.59999999999998 9.75093
75.699999999999974 9.75093
75.799999999999969 9.75093
75.899999999999963 9.75093
75.999999999999957 9.95497
76.099999999999952 10.638
76.199999999999946 10.638
76.29999999999994 10.638
76.399999999999935 10.638
76.499999999999929 10.638
76.599999999999923 11.2795
76.699999999999918 11.5434
76.799999999999912 11.5434
76.899999999999906 11.5434
76.999999999999901 11.5434
77.099999999999895 11.9702
77.199999999999889 12.463
77.299999999999883 12.463
77.399999999999878 12.463
77.499999999999872 12.463
77.599999999999866 12.7022
77.699999999999861 13.1675
77.799999999999855 13.394
77.899999999999849 13.394
77.999999999999844 13.394
78.099999999999838 13.4687
78.199999999999832 13.9082
78.299999999999827 14.3341
78.399999999999821 14.3341
78.499999999999815 14.3341
78.59999999999981 14.3341
78.699999999999804 14.7477
78.799999999999798 15.15
78.899999999999793 15.2817
78.999999999999787 15.2817
79.099999999999781 15.2817
79.199999999999775 15.4123
79.29999999999977 15.8609
79.399999999999764 16.1116
79.499999999999758 16.2355
79.599999999999753 16.2355
79.699999999999747 16.2355
79.799999999999741 16.4196
79.899999999999736 16.8413
79.99999999999973 17.0776
80.099999999999724 17.1945
80.199999999999719 17.1945
80.299999999999713 17.1945
80.399999999999707 17.3106
80.499999999999702 17.711
80.599999999999696 17.9358
80.69999999999969 18.1025
80.799999999999685 18.1578
80.899999999999679 18.1578
80.999999999999673 18.1578
81.099999999999667 18.4857
81.199999999999662 18.7546
81.299999999999656 18.9142
81.39999999999965 18.967
81.499999999999645 18.967
81.599999999999639 18.967
81.699999999999633 1
81.799999999999628 1
81.899999999999622 1
81.999999999999616 1
82.099999999999611 1
82.199999999999605 1
82.299999999999599 2
82.399999999999594 2
82.499999999999588 2
82.599999999999582 2
82.699999999999577 2
82.799999999999571 4
82.899999999999565 4
82.999999999999559 4
83.099999999999554 4
83.199999999999548 4
83.299999999999542 5
83.399999999999537 8
83.499999999999531 8
83.599999999999525 8
83.69999999999952 8
83.799999999999514 8
83.899999999999508 9.43651
83.999999999999503 9.75093
84.099999999999497 9.75093
84.199999999999491 9.75093
84.299999999999486 9.75093
84.39999999999948 10.0554
84.499999999999474 10.638
84.599999999999469 10.638
84.699999999999463 10.638
84.799999999999457 10.638
84.899999999999451 10.8252
84.999999999999446 11.3681
85.09999999999944 11.5434
85.199999999999434 11.5434
85.299999999999429 11.5434
85.399999999999423 11.5434
85.499999999999417 12.0538
85.599999999999412 12.463
85.699999999999406 12.463
85.7999999999994 12.463
85.899999999999395 12.463
85.999999999999389 12.7809
86.099999999999383 13.3189
86.199999999999378 13.394
86.299999999999372 13.394
86.399999999999366 13.394
86.499999999999361 13.5429
86.599999999999355 14.0516
86.699999999999349 14.3341
86.799999999999343 14.3341
86.899999999999338 14.3341
86.999999999999332 14.3341
87.099999999999326 14.8155
87.199999999999321 15.15
87.299999999999315 15.2817
87.399999999999309 15.2817
87.499999999999304 15.2817
87.599999999999298 15.4772
87.699999999999292 15.924
87.799999999999287 16.1737
87.899999999999281 16.2355
87.999999999999275 16.2355
88.09999999999927 16.2355
88.199999999999264 16.4805
88.299999999999258 16.9007
88.399999999999253 17.0776
88.499999999999247 17.1945
88.599999999999241 17.1945
88.699999999999235 17.1945
88.79999999999923 17.3684
88.899999999999224 17.7675
88.999999999999218 17.9915
89.099999999999213 18.1578
89.199999999999207 18.1578
89.299999999999201 18.1578
89.399999999999196 18.1578
89.49999999999919 18.5398
89.599999999999184 18.7546
89.699999999999179 18.967
89.799999999999173 18.967
89.899999999999167 18.967
89.999999999999162 18.967
90.099999999999156 1
90.19999999999915 1
90.299999999999145 1
90.399999999999139 1
90.499999999999133 1
90.599999999999127 1
90.699999999999122 2
90.799999999999116 2
90.89999999999911 2
90.999999999999105 2
91.099999999999099 2
91.199999999999093 4
91.299999999999088 4
91.399999999999082 4
91.499999999999076 4
91.599999999999071 4
91.699999999999065 7
91.799999999999059 8
91.899999999999054 8
91.999999999999048 8
92.099999999999042 8
92.199999999999037 9
92.299999999999031 9.75093
92.399999999999025 9.75093
92.499999999999019 9.75093
92.599999999999014 9.75093
92.699999999999008 9.75093
92.799999999999002 10.3509
92.899999999998997 10.638
92.999999999998991 10.638
93.099999999998985 10.638
93.19999999999898 10.638
93.299999999998974 11.0092
93.399999999998968 11.5434
93.499999999998963 11.5434
93.599999999998957 11.5434
93.699999999998951 11.5434
93.799999999998946 11.716
93.89999999999894 12.2191
93.999999999998934 12.463
94.099999999998929 12.463
94.199999999998923 12.463
94.299999999998917 12.463
94.399999999998911 12.9369
94.499999999998906 13.394
94.5999999999989 13.394
94.699999999998894 13.394
94.799999999998889 13.394
94.899999999998883 13.7632
94.999999999998877 14.1936
95.099999999998872 14.3341
95.199999999998866 14.3341
95.29999999999886 14.3341
95.399999999998855 14.5424
95.499999999998849 14.9502
95.599999999998843 15.216
95.699999999998838 15.2817
95.799999999998832 15.2817
95.899999999998826 15.2817
95.99999999999882 15.6702
96.099999999998815 16.0493
96.199999999998809 16.2355
96.299999999998803 16.2355
96.399999999998798 16.2355
96.499999999998792 16.2355
96.599999999998786 16.6619
96.699999999998781 16.9598
96.799999999998775 17.1361
96.899999999998769 17.1945
96.999999999998764 17.1945
97.099999999998758 17.1945
97.199999999998752 17.5405
97.299999999998747 17.8237
97.399999999998741 18.0471
97.499999999998735 18.1578
97.59999999999873 18.1578
97.699999999998724 18.1578
97.799999999998718 18.3225
97.899999999998712 18.6475
97.999999999998707 18.8611
98.099999999998701 18.967
98.199999999998695 18.967
98.29999999999869 18.967
98.399999999998684 18.967
98.499999999998678 1
98.599999999998673 1
98.699999999998667 1
98.799999999998661 1
98.899999999998656 1
98.99999999999865 2
99.099999999998644 2
99.199999999998639 2
99.299999999998633 2
99.399999999998627 2
99.499999999998622 3
99.599999999998616 4
99.69999999999861 4
99.799999999998604 4
99.899999999998599 4
99.999999999998593 4
100.09999999999859 8
100.19999999999858 8
100.29999999999858 8
100.39999999999857 8
100.49999999999856 8
100.59999999999856 9.22087
100.69999999999855 9.75093
100.79999999999855 9.75093
100.89999999999854 9.75093
100.99999999999854 9.75093
101.09999999999853 9.95497
101.19999999999852 10.5432
101.29999999999852 10.638
101.39999999999851 10.638
101.49999999999851 10.638
101.5999999999985 10.638
101.6999999999985 11.1901
101.79999999999849 11.5434
101.89999999999849 11.5434
101.99999999999848 11.5434
102.09999999999847 11.5434
102.19999999999847 11.8861
102.29999999999846 12.463
102.39999999999846 12.463
102.49999999999845 12.463
102.59999999999845 12.463
102.69999999999844 12.623
102.79999999999843 13.1675
102.89999999999843 13.394
102.99999999999842 13.394
103.09999999999842 13.394
103.19999999999841 13.394
103.29999999999841 13.9082
103.3999999999984 14.264
103.49999999999839 14.3341
103.59999999999839 14.3341
103.69999999999838 14.3341
103.79999999999838 14.6796
103.89999999999837 15.0837
103.99999999999837 15.2817
104.09999999999836 15.2817
104.19999999999835 15.2817
104.29999999999835 15.4123
104.39999999999834 15.7976
104.49999999999834 16.1116
104.59999999999833 16.2355
104.69999999999833 16.2355
104.79999999999832 16.2355
104.89999999999831 16.4196
104.99999999999831 16.7817
105.0999999999983 17.0188
105.1999999999983 17.1945
105.29999999999829 17.1945
105.39999999999829 17.1945
105.49999999999828 17.3106
105.59999999999827 17.6543
105.69999999999827 17.8798
105.79999999999826 18.1025
105.89999999999826 18.1578
105.99999999999825 18.1578
106.09999999999825 18.1578
106.19999999999824 18.4315
106.29999999999824 18.7012
106.39999999999823 18.9142
106.49999999999822 18.967
106.59999999999822 18.967
106.69999999999821 18.967
106.79999999999821 1
106.8999999999982 1
106.9999999999982 1
107.09999999999819 1
107.19999999999818 1
107.29999999999818 1
107.39999999999817 2
107.49999999999817 2
107.59999999999816 2
107.69999999999816 2
107.79999999999815 2
107.89999999999814 4
107.99999999999814 4
108.09999999999813 4
108.19999999999813 4
108.29999999999812 4
108.39999999999812 4
108.49999999999811 8
108.5999999999981 8
108.6999999999981 8
108.79999999999809 8
108.89999999999809 8
108.99999999999808 9.43651
109.09999999999808 9.75093
109.19999999999807 9.75093
109.29999999999806 9.75093
109.39999999999806 9.75093
109.49999999999805 10.0554
109.59999999999805 10.638
109.69999999999804 10.638
109.79999999999804 10.638
109.89999999999803 10.638
109.99999999999802 10.7321
110.09999999999802 11.2795
110.19999999999801 11.5434
110.29999999999801 11.5434
110.399999999998 11.5434
110.499999999998 11.5434
110.59999999999799 11.9702
110.69999999999798 12.463
110.79999999999798 12.463
110.89999999999797 12.463
110.99999999999797 12.463
111.09999999999796 12.7809
111.19999999999796 13.2434
111.29999999999795 13.394
111.39999999999795 13.394
111.49999999999794 13.394
111.59999999999793 13.5429
111.69999999999793 13.9801
111.79999999999792 14.3341
111.89999999999792 14.3341
111.99999999999791 14.3341
112.09999999999791 14.3341
112.1999999999979 14.7477
112.29999999999789 15.15
112.39999999999789 15.2817
112.49999999999788 15.2817
112.59999999999788 15.2817
112.69999999999787 15.4772
112.79999999999787 15.8609
112.89999999999786 16.1116
112.99999999999785 16.2355
113.09999999999785 16.2355
113.19999999999784 16.2355
113.29999999999784 16.4805
113.39999999999783 16.8413
113.49999999999783 17.0776
113.59999999999782 17.1945
113.69999999999781 17.1945
113.79999999999781 17.1945
113.8999999999978 17.3684
113.9999999999978 17.711
114.09999999999779 17.9358
114.19999999999779 18.1578
114.29999999999778 18.1578
114.39999999999777 18.1578
114.49999999999777 18.1578
114.59999999999776 18.4857
114.69999999999776 18.7546
114.79999999999775 18.967
114.89999999999775 18.967
114.99999999999774 18.967
115.09999999999773 18.967
115.19999999999773 1
115.29999999999772 1
115.39999999999772 1
115.49999999999771 1
115.59999999999771 1
115.6999999999977 1
115.79999999999769 2
115.89999999999769 2
115.99999999999768 2
116.09999999999768 2
116.19999999999767 2
116.29999999999767 4
116.39999999999766 4
116.49999999999766 4
116.59999999999765 4
116.69999999999764 4
116.79999999999764 6
116.89999999999763 8
116.99999999999763 8
117.09999999999762 8
117.19999999999762 8
117.29999999999761 9
117.3999999999976 9.64727
117.4999999999976 9.75093
117.59999999999759 9.75093
117.69999999999759 9.75093
117.79999999999758 9.75093
117.89999999999758 10.2533
117.99999999999757 10.638
118.09999999999756 10.638
118.19999999999756 10.638
118.29999999999755 10.638
118.39999999999755 10.9176
118.49999999999754 11.4561
118.59999999999754 11.5434
118.69999999999753 11.5434
118.79999999999752 11.5434
118.89999999999752 11.63
118.99999999999751 12.2191
119.09999999999751 12.463
119.1999999999975 12.463
119.2999999999975 12.463
119.39999999999749 12.463
119.49999999999748 12.9369
119.59999999999748 13.394
119.69999999999747 13.394
119.79999999999747 13.394
119.89999999999746 13.394
119.99999999999746 13.6902
120.09999999999745 14.1228
120.19999999999744 14.3341
120.29999999999744 14.3341
120.39999999999743 14.3341
120.49999999999743 14.4733
120.59999999999742 14.883
120.69999999999742 15.216
120.79999999999741 15.2817
120.89999999999741 15.2817
120.9999999999974 15.2817
121.09999999999739 15.6062
121.19999999999739 15.9868
121.29999999999738 16.2355
121.39999999999738 16.2355
121.49999999999737 16.2355
121.59999999999737 16.2355
121.69999999999736 16.6016
121.79999999999735 16.9007
121.89999999999735 17.1361
121.99999999999734 17.1945
122.09999999999734 17.1945
122.19999999999733 17.1945
122.29999999999733 17.4833
122.39999999999732 17.7675
122.49999999999731 18.0471
122.59999999999731 18.1578
122.6999999999973 18.1578
122.7999999999973 18.1578
122.89999999999729 18.2677
122.99999999999729 18.5938
123.09999999999728 18.8611
123.19999999999727 18.967
123.29999999999727 18.967
123.39999999999726 18.967
123.49999999999726 18.967
123.59999999999725 1
123.69999999999725 1
123.79999999999724 1
123.89999999999723 1
123.99999999999723 1
124.09999999999722 2
124.19999999999722 2
124.29999999999721 2
124.39999999999721 2
124.4999999999972 2
124.59999999999719 2
124.69999999999719 4
124.79999999999718 4
124.89999999999718 4
124.99999999999717 4
125.09999999999717 4
125.19999999999716 8
125.29999999999715 8
125.39999999999715 8
125.49999999999714 8
125.59999999999714 8
125.69999999999713 9.22087
125.79999999999713 9.75093
125.89999999999712 9.75093
125.99999999999712 9.75093
126.09999999999711 9.75093
126.1999999999971 9.85348
126.2999999999971 10.4475
126.39999999999709 10.638
126.49999999999709 10.638
126.59999999999708 10.638
126.69999999999708 10.638
126.79999999999707 11.1
126.89999999999706 11.5434
126.99999999999706 11.5434
127.09999999999705 11.5434
127.19999999999705 11.5434
127.29999999999704 11.8861
127.39999999999704 12.3823
127.49999999999703 12.463
127.59999999999702 12.463
127.69999999999702 12.463
127.79999999999701 12.623
127.89999999999701 13.0911
127.999999999997 13.394
128.09999999999701 13.394
128.199999999997 13.394
128.299999999997 13.394
128.39999999999699 13.8359
128.49999999999699 14.264
128.59999999999698 14.3341
128.69999999999698 14.3341
128.79999999999697 14.3341
128.89999999999696 14.6112
128.99999999999696 15.0837
129.09999999999695 15.2817
129.19999999999695 15.2817
129.29999999999694 15.2817
129.39999999999694 15.3472
129.49999999999693 15.7341
129.59999999999692 16.1116
129.69999999999692 16.2355
129.79999999999691 16.2355
129.89999999999691 16.2355
129.9999999999969 16.3585
130.0999999999969 16.7219
130.19999999999689 17.0188
130.29999999999688 17.1945
130.39999999999688 17.1945
130.49999999999687 17.1945
130.59999999999687 17.2526
130.69999999999686 17.5975
130.79999999999686 17.8798
130.89999999999685 18.1025
130.99999999999685 18.1578
131.09999999999684 18.1578
131.19999999999683 18.1578
131.29999999999683 18.3771
131.39999999999682 18.7012
131.49999999999682 18.9142
131.59999999999681 18.967
131.69999999999681 18.967
131.7999999999968 18.967
131.89999999999679 1
131.99999999999679 1
132.09999999999678 1
132.19999999999678 1
132.29999999999677 1
132.39999999999677 1
132.49999999999676 2
132.59999999999675 2
132.69999999999675 2
132.79999999999674 2
132.89999999999674 2
132.99999999999673 3
133.09999999999673 4
133.19999999999672 4
133.29999999999671 4
133.39999999999671 4
133.4999999999967 4
133.5999999999967 8
133.69999999999669 8
133.79999999999669 8
133.89999999999668 8
133.99999999999667 8
134.09999999999667 9.32932
134.19999999999666 9.75093
134.29999999999666 9.75093
134.39999999999665 9.75093
134.49999999999665 9.75093
134.59999999999664 9.95497
134.69999999999663 10.5432
134.79999999999663 10.638
134.89999999999662 10.638
134.99999999999662 10.638
135.09999999999661 10.638
135.19999999999661 11.2795
135.2999999999966 11.5434
135.3999999999966 11.5434
135.49999999999659 11.5434
135.59999999999658 11.5434
135.69999999999658 11.9702
135.79999999999657 12.463
135.89999999999657 12.463
135.99999999999656 12.463
136.09999999999656 12.463
136.19999999999655 12.7022
136.29999999999654 13.1675
136.39999999999654 13.394
136.49999999999653 13.394
136.59999999999653 13.394
136.69999999999652 13.4687
136.79999999999652 13.9082
136.89999999999651 14.3341
136.9999999999965 14.3341
137.0999999999965 14.3341
137.19999999999649 14.3341
137.29999999999649 14.6796
137.39999999999648 15.15
137.49999999999648 15.2817
137.59999999999647 15.2817
137.69999999999646 15.2817
137.79999999999646 15.4123
137.89999999999645 15.7976
137.99999999999645 16.1116
138.09999999999644 16.2355
138.19999999999644 16.2355
138.29999999999643 16.2355
138.39999999999642 16.4196
138.49999999999642 16.7817
138.59999999999641 17.0776
138.69999999999641 17.1945
138.7999999999964 17.1945
138.8999999999964 17.1945
138.99999999999639 17.3106
139.09999999999638 17.711
139.19999999999638 17.9358
139.29999999999637 18.1025
139.39999999999637 18.1578
139.49999999999636 18.1578
139.59999999999636 18.1578
139.69999999999635 18.4857
139.79999999999634 18.7546
139.89999999999634 18.9142
139.99999999999633 18.967
140.09999999999633 18.967
140.19999999999632 18.967
140.29999999999632 1
140.39999999999631 1
140.49999999999631 1
140.5999999999963 1
140.69999999999629 1
140.79999999999629 1
140.89999999999628 2
140.99999999999628 2
141.09999999999627 2
141.19999999999627 2
141.29999999999626 2
141.39999999999625 4
141.49999999999625 4
141.59999999999624 4
141.69999999999624 4
141.79999999999623 4
141.89999999999623 6
141.99999999999622 8
142.09999999999621 8
142.19999999999621 8
142.2999999999962 8
142.3999999999962 8
142.49999999999619 9.54248
142.59999999999619 9.75093
142.69999999999618 9.75093
142.79999999999617 9.75093
142.89999999999617 9.75093
142.99999999999616 10.1549
143.09999999999616 10.638
143.19999999999615 10.638
143.29999999999615 10.638
143.39999999999614 10.638
143.49999999999613 10.9176
143.59999999999613 11.4561
143.69999999999612 11.5434
143.79999999999612 11.5434
143.89999999999611 11.5434
143.99999999999611 11.63
144.0999999999961 12.1367
144.19999999999609 12.463
144.29999999999609 12.463
144.39999999999608 12.463
144.49999999999608 12.463
144.59999999999607 12.8592
144.69999999999607 13.3189
144.79999999999606 13.394
144.89999999999606 13.394
144.99999999999605 13.394
145.09999999999604 13.6167
145.19999999999604 14.1228
145.29999999999603 14.3341
145.39999999999603 14.3341
145.49999999999602 14.3341
145.59999999999602 14.4039
145.69999999999601 14.883
145.799999999996 15.216
145.899999999996 15.2817
145.99999999999599 15.2817
146.09999999999599 15.2817
146.19999999999598 15.5418
146.29999999999598 15.9868
146.39999999999597 16.1737
146.49999999999596 16.2355
146.59999999999596 16.2355
146.69999999999595 16.2355
146.79999999999595 16.5412
146.89999999999594 16.9007
146.99999999999594 17.1361
147.09999999999593 17.1945
147.19999999999592 17.1945
147.29999999999592 17.1945
147.39999999999591 17.4259
147.49999999999591 17.7675
147.5999999999959 17.9915
147.6999999999959 18.1578
147.79999999999589 18.1578
147.89999999999588 18.1578
147.99999999999588 18.2128
148.09999999999587 18.5938
148.19999999999587 18.808
148.29999999999586 18.967
148.39999999999586 18.967
148.49999999999585 18.967
148.59999999999584 18.967
148.69999999999584 1
148.79999999999583 1
148.89999999999583 1
148.99999999999582 1
149.09999999999582 1
149.19999999999581 2
149.2999999999958 2
149.3999999999958 2
149.49999999999579 2
149.59999999999579 2
149.69999999999578 2
149.79999999999578 4
149.89999999999577 4
149.99999999999577 4
150.09999999999576 4
150.19999999999575 4
150.29999999999575 8
150.39999999999574 8
150.49999999999574 8
150.59999999999573 8
150.69999999999573 8
150.79999999999572 9.11111
150.89999999999571 9.75093
150.99999999999571 9.75093
151.0999999999957 9.75093
151.1999999999957 9.75093
151.29999999999569 9.75093
151.39999999999569 10.4475
151.49999999999568 10.638
151.59999999999567 10.638
151.69999999999567 10.638
151.79999999999566 10.638
151.89999999999566 11.1
151.99999999999565 11.5434
152.09999999999565 11.5434
152.19999999999564 11.5434
152.29999999999563 11.5434
152.39999999999563 11.8014
152.49999999999562 12.301
152.59999999999562 12.463
152.69999999999561 12.463
152.79999999999561 12.463
152.8999999999956 12.5433
152.99999999999559 13.0142
153.09999999999559 13.394
153.19999999999558 13.394
153.29999999999558 13.394
153.39999999999557 13.394
153.49999999999557 13.7632
153.59999999999556 14.264
153.69999999999555 14.3341
153.79999999999555 14.3341
153.89999999999554 14.3341
153.99999999999554 14.6112
154.09999999999553 15.0171
154.19999999999553 15.2817
154.29999999999552 15.2817
154.39999999999552 15.2817
154.49999999999551 15.2817
154.5999999999955 15.7341
154.6999999999955 16.0493
154.79999999999549 16.2355
154.89999999999549 16.2355
154.99999999999548 16.2355
155.09999999999548 16.2971
155.19999999999547 16.7219
155.29999999999546 17.0188
155.39999999999546 17.1945
155.49999999999545 17.1945
155.59999999999545 17.1945
155.69999999999544 17.1945
155.79999999999544 17.5975
155.89999999999543 17.8798
155.99999999999542 18.0471
156.09999999999542 18.1578
156.19999999999541 18.1578
156.29999999999541 18.1578
156.3999999999954 18.3771
156.4999999999954 18.6475
156.59999999999539 18.8611
156.69999999999538 18.967
156.79999999999538 18.967
156.89999999999537 18.967
156.99999999999537 1
157.09999999999536 1
157.19999999999536 1
157.29999999999535 1
157.39999999999534 1
157.49999999999534 1
157.59999999999533 2
157.69999999999533 2
157.79999999999532 2
157.89999999999532 2
157.99999999999531 2
158.0999999999953 3
158.1999999999953 4
158.29999999999529 4
158.39999999999529 4
158.49999999999528 4
158.59999999999528 4
158.69999999999527 8
158.79999999999526 8
158.89999999999526 8
158.99999999999525 8
159.09999999999525 8
159.19999999999524 9.22087
159.29999999999524 9.75093
159.39999999999523 9.75093
159.49999999999523 9.75093
159.59999999999522 9.75093
159.69999999999521 9.95497
159.79999999999521 10.5432
159.8999999999952 10.638
159.9999999999952 10.638
160.09999999999519 10.638
160.19999999999519 10.638
160.29999999999518 11.1901
160.39999999999517 11.5434
160.49999999999517 11.5434
160.59999999999516 11.5434
160.69999999999516 11.5434
160.79999999999515 11.8861
160.89999999999515 12.3823
160.99999999999514 12.463
161.09999999999513 12.463
161.19999999999513 12.463
161.29999999999512 12.623
161.39999999999512 13.1675
161.49999999999511 13.394
161.59999999999511 13.394
161.6999999999951 13.394
161.79999999999509 13.394
161.89999999999509 13.9082
161.99999999999508 14.264
162.09999999999508 14.3341
162.19999999999507 14.3341
162.29999999999507 14.3341
162.39999999999506 14.6796
162.49999999999505 15.0837
162.59999999999505 15.2817
162.69999999999504 15.2817
162.79999999999504 15.2817
162.89999999999503 15.4123
162.99999999999503 15.7976
163.09999999999502 16.1116
163.19999999999501 16.2355
163.29999999999501 16.2355
163.399999999995 16.2355
163.499999999995 16.4196
163.59999999999499 16.7817
163.69999999999499 17.0188
163.79999999999498 17.1945
163.89999999999498 17.1945
163.99999999999497 17.1945
164.09999999999496 17.3106
164.19999999999496 17.6543
164.29999999999495 17.8798
164.39999999999495 18.1025
164.49999999999494 18.1578
164.59999999999494 18.1578
164.69999999999493 18.1578
164.79999999999492 18.4315
164.89999999999492 18.7012
164.99999999999491 18.9142
165.09999999999491 18.967
165.1999999999949 18.967
165.2999999999949 18.967
165.39999999999489 1
165.49999999999488 1
165.59999999999488 1
165.69999999999487 1
165.79999999999487 1
165.89999999999486 1
165.99999999999486 2
166.09999999999485 2
166.19999999999484 2
166.29999999999484 2
166.39999999999483 2
166.49999999999483 4
166.59999999999482 4
166.69999999999482 4
166.79999999999481 4
166.8999999999948 4
166.9999999999948 5
167.09999999999479 8
167.19999999999479 8
167.29999999999478 8
167.39999999999478 8
167.49999999999477 8
167.59999999999476 9.54248
167.69999999999476 9.75093
167.79999999999475 9.75093
167.89999999999475 9.75093
167.99999999999474 9.75093
168.09999999999474 10.1549
168.19999999999473 10.638
168.29999999999472 10.638
168.39999999999472 10.638
168.49999999999471 10.638
168.59999999999471 10.8252
168.6999999999947 11.3681
168.7999999999947 11.5434
168.89999999999469 11.5434
168.99999999999469 11.5434
169.09999999999468 11.5434
169.19999999999467 12.0538
169.29999999999467 12.463
169.39999999999466 12.463
169.49999999999466 12.463
169.59999999999465 12.463
169.69999999999465 12.7809
169.79999999999464 13.3189
169.89999999999463 13.394
169.99999999999463 13.394
170.09999999999462 13.394
170.19999999999462 13.6167
170.29999999999461 14.0516
170.39999999999461 14.3341
170.4999999999946 14.3341
170.59999999999459 14.3341
170.69999999999459 14.4039
170.79999999999458 14.8155
170.89999999999458 15.15
170.99999999999457 15.2817
171.09999999999457 15.2817
171.19999999999456 15.2817
171.29999999999455 15.5418
171.39999999999455 15.924
171.49999999999454 16.1737
171.59999999999454 16.2355
171.69999999999453 16.2355
171.79999999999453 16.2355
171.89999999999452 16.5412
171.99999999999451 16.9007
172.09999999999451 17.0776
172.1999999999945 17.1945
172.2999999999945 17.1945
172.39999999999449 17.1945
172.49999999999449 17.4259
172.59999999999448 17.7675
172.69999999999447 17.9915
172.79999999999447 18.1578
172.89999999999446 18.1578
172.99999999999446 18.1578
173.09999999999445 18.2128
173.19999999999445 18.5398
173.29999999999444 18.7546
173.39999999999444 18.967
173.49999999999443 18.967
173.59999999999442 18.967
173.69999999999442 18.967
173.79999999999441 1
173.89999999999441 1
173.9999999999944 1
174.0999999999944 1
174.19999999999439 1
174.29999999999438 2
174.39999999999438 2
174.49999999999437 2
174.59999999999437 2
174.69999999999436 2
174.79999999999436 2
174.89999999999435 4
174.99999999999434 4
175.09999999999434 4
175.19999999999433 4
175.29999999999433 4
175.39999999999432 7
175.49999999999432 8
175.59999999999431 8
175.6999999999943 8
175.7999999999943 8
175.89999999999429 9.11111
175.99999999999429 9.75093
176.09999999999428 9.75093
176.19999999999428 9.75093
176.29999999999427 9.75093
176.39999999999426 9.75093
176.49999999999426 10.3509
176.59999999999425 10.638
176.69999999999425 10.638
176.79999999999424 10.638
176.89999999999424 10.638
176.99999999999423 11.0092
177.09999999999422 11.5434
177.19999999999422 11.5434
177.29999999999421 11.5434
177.39999999999421 11.5434
177.4999999999942 11.716
177.5999999999942 12.301
177.69999999999419 12.463
177.79999999999418 12.463
177.89999999999418 12.463
177.99999999999417 12.463
178.09999999999417 13.0142
178.19999999999416 13.394
178.29999999999416 13.394
178.39999999999415 13.394
178.49999999999415 13.394
178.59999999999414 13.7632
178.69999999999413 14.1936
178.79999999999413 14.3341
178.89999999999412 14.3341
178.99999999999412 14.3341
179.09999999999411 14.5424
179.19999999999411 14.9502
179.2999999999941 15.2817
179.39999999999409 15.2817
179.49999999999409 15.2817
179.59999999999408 15.2817
179.69999999999408 15.6702
179.79999999999407 16.0493
179.89999999999407 16.2355
179.99999999999406 16.2355
180.09999999999405 16.2355
180.19999999999405 16.2971
180.29999999999404 16.6619
180.39999999999404 16.9598
180.49999999999403 17.1945
180.59999999999403 17.1945
180.69999999999402 17.1945
180.79999999999401 17.1945
180.89999999999401 17.5405
180.999999999994 17.8237
181.099999999994 18.0471
181.19999999999399 18.1578
181.29999999999399 18.1578
181.39999999999398 18.1578
181.49999999999397 18.3225
181.59999999999397 18.6475
181.69999999999396 18.8611
181.79999999999396 18.967
181.89999999999395 18.967
181.99999999999395 18.967
182.09999999999394 18.967
182.19999999999393 1
182.29999999999393 1
182.39999999999392 1
182.49999999999392 1
182.59999999999391 1
182.69999999999391 2
182.7999999999939 2
182.8999999999939 2
182.99999999999389 2
183.09999999999388 2
183.19999999999388 2
183.29999999999387 4
183.39999999999387 4
183.49999999999386 4
183.59999999999386 4
183.69999999999385 4
183.79999999999384 8
183.89999999999384 8
183.99999999999383 8
184.09999999999383 8
184.19999999999382 8
184.29999999999382 9.22087
184.39999999999381 9.75093
184.4999999999938 9.75093
184.5999999999938 9.75093
184.69999999999379 9.75093
184.79999999999379 9.85348
184.89999999999378 10.4475
184.99999999999378 10.638
185.09999999999377 10.638
185.19999999999376 10.638
185.29999999999376 10.638
185.39999999999375 11.1
185.49999999999375 11.5434
185.59999999999374 11.5434
185.69999999999374 11.5434
185.79999999999373 11.5434
185.89999999999372 11.8014
185.99999999999372 12.3823
186.09999999999371 12.463
186.19999999999371 12.463
186.2999999999937 12.463
186.3999999999937 12.623
186.49999999999369 13.0911
186.59999999999368 13.394
186.69999999999368 13.394
186.79999999999367 13.394
186.89999999999367 13.394
186.99999999999366 13.8359
187.09999999999366 14.264
187.19999999999365 14.3341
187.29999999999364 14.3341
187.39999999999364 14.3341
187.49999999999363 14.6112
187.59999999999363 15.0837
187.69999999999362 15.2817
187.79999999999362 15.2817
187.89999999999361 15.2817
187.99999999999361 15.3472
188.0999999999936 15.7341
188.19999999999359 16.1116
188.29999999999359 16.2355
188.39999999999358 16.2355
188.49999999999358 16.2355
188.59999999999357 16.3585
188.69999999999357 16.7219
188.79999999999356 17.0188
188.89999999999355 17.1945
188.99999999999355 17.1945
189.09999999999354 17.1945
189.19999999999354 17.2526
189.29999999999353 17.5975
189.39999999999353 17.8798
189.49999999999352 18.1025
189.59999999999351 18.1578
189.69999999999351 18.1578
189.7999999999935 18.1578
189.8999999999935 18.3771
189.99999999999349 18.7012
190.09999999999349 18.9142
190.19999999999348 18.967
190.29999999999347 18.967
190.39999999999347 18.967
190.49999999999346 1
190.59999999999346 1
190.69999999999345 1
190.79999999999345 1
190.89999999999344 1
190.99999999999343 1
191.09999999999343 2
191.19999999999342 2
191.29999999999342 2
191.39999999999341 2
191.49999999999341 2
191.5999999999934 4
191.69999999999339 4
191.79999999999339 4
191.89999999999338 4
191.99999999999338 4
192.09999999999337 5
192.19999999999337 8
192.29999999999336 8
192.39999999999336 8
192.49999999999335 8
192.59999999999334 8
192.69999999999334 9.43651
192.79999999999333 9.75093
192.89999999999333 9.75093
192.99999999999332 9.75093
193.09999999999332 9.75093
193.19999999999331 10.0554
193.2999999999933 10.638
193.3999999999933 10.638
193.49999999999329 10.638
193.59999999999329 10.638
193.69999999999328 10.7321
193.79999999999328 11.3681
193.89999999999327 11.5434
193.99999999999326 11.5434
194.09999999999326 11.5434
194.19999999999325 11.5434
194.29999999999325 12.0538
194.39999999999324 12.463
194.49999999999324 12.463
194.59999999999323 12.463
194.69999999999322 12.463
194.79999999999322 12.7809
194.89999999999321 13.2434
194.99999999999321 13.394
195.0999999999932 13.394
195.1999999999932 13.394
195.29999999999319 13.5429
195.39999999999318 13.9801
195.49999999999318 14.3341
195.59999999999317 14.3341
195.69999999999317 14.3341
195.79999999999316 14.3341
195.89999999999316 14.7477
195.99999999999315 15.15
196.09999999999314 15.2817
196.19999999999314 15.2817
196.29999999999313 15.2817
196.39999999999313 15.4772
196.49999999999312 15.8609
196.59999999999312 16.1737
196.69999999999311 16.2355
196.7999999999931 16.2355
196.8999999999931 16.2355
196.99999999999309 16.4805
197.09999999999309 16.8413
197.19999999999308 17.0776
197.29999999999308 17.1945
197.39999999999307 17.1945
197.49999999999307 17.1945
197.59999999999306 17.3684
197.69999999999305 17.711
197.79999999999305 17.9915
197.89999999999304 18.1578
197.99999999999304 18.1578
198.09999999999303 18.1578
198.19999999999303 18.1578
198.29999999999302 18.4857
198.39999999999301 18.7546
198.49999999999301 18.967
198.599999999993 18.967
198.699999999993 18.967
198.79999999999299 18.967
198.89999999999299 1
198.99999999999298 1
199.09999999999297 1
199.19999999999297 1
199.29999999999296 1
199.39999999999296 1
199.49999999999295 2
199.59999999999295 2
199.69999999999294 2
199.79999999999293 2
199.89999999999293 2
199.99999999999292 4
