0.10000000000000001 1
0.20000000000000001 1
0.30000000000000004 1
0.40000000000000002 1
0.5 1
0.59999999999999998 2
0.69999999999999996 2
0.79999999999999993 2
0.89999999999999991 2
0.99999999999999989 2
1.0999999999999999 3
1.2 4
1.3 4
1.4000000000000001 4
1.5000000000000002 4
1.6000000000000003 4
1.7000000000000004 8
1.8000000000000005 8
1.9000000000000006 8
2.0000000000000004 8
2.1000000000000005 8
2.2000000000000006 14
2.3000000000000007 16
2.4000000000000008 16
2.5000000000000009 16
2.600000000000001 16
2.7000000000000011 21
2.8000000000000012 28
2.9000000000000012 32
3.0000000000000013 32
3.1000000000000014 32
3.2000000000000015 37
3.3000000000000016 43
3.4000000000000017 49
3.5000000000000018 25.5
3.6000000000000019 25.5
3.700000000000002 25.5
3.800000000000002 25.5
3.9000000000000021 25.5
4.0000000000000018 25.5
4.1000000000000014 25.5
4.2000000000000011 25.5392
4.3000000000000007 25.5392
4.4000000000000004 25.5392
4.5 25.5392
4.5999999999999996 25.5392
4.6999999999999993 25.5392
4.7999999999999989 25.5392
4.8999999999999986 25.5392
4.9999999999999982 1
5.0999999999999979 1
5.1999999999999975 1
5.2999999999999972 1
5.3999999999999968 1
5.4999999999999964 2
5.5999999999999961 2
5.6999999999999957 2
5.7999999999999954 2
5.899999999999995 2
5.9999999999999947 3
6.0999999999999943 3
6.199999999999994 3
6.2999999999999936 3
6.3999999999999932 3
6.4999999999999929 4
6.5999999999999925 5
6.6999999999999922 5
6.7999999999999918 5
6.8999999999999915 5
6.9999999999999911 5
7.0999999999999908 7
7.1999999999999904 7
7.2999999999999901 7
7.3999999999999897 7
7.4999999999999893 7
7.599999999999989 7
7.6999999999999886 10
7.7999999999999883 12
7.8999999999999879 12
7.9999999999999876 12
8.0999999999999872 12
8.1999999999999869 12.1661
8.2999999999999865 12.411
8.3999999999999861 12.4916
8.4999999999999858 12.4916
8.5999999999999854 12.4916
8.6999999999999851 12.5717
8.7999999999999847 12.5717
8.8999999999999844 12.8869
8.999999999999984 12.8869
9.0999999999999837 12.8869
9.1999999999999833 13.0416
9.2999999999999829 13.4951
9.3999999999999826 13.6429
9.4999999999999822 13.7891
9.5999999999999819 13.7891
9.6999999999999815 13.9338
9.7999999999999812 14.289
9.8999999999999808 14.5669
9.9999999999999805 14.7039
10.09999999999998 14.7039
10.19999999999998 14.7719
10.299999999999979 15.1073
10.399999999999979 15.5002
10.499999999999979 15.629
10.599999999999978 15.629
10.699999999999978 15.629
10.799999999999978 15.8834
10.899999999999977 16.2574
10.999999999999977 16.5021
11.099999999999977 16.5627
11.199999999999976 16.5627
11.299999999999976 16.6832
11.399999999999975 17.0397
11.499999999999975 17.3311
11.599999999999975 17.5037
11.699999999999974 17.5037
11.799999999999974 17.5608
11.899999999999974 17.7311
11.999999999999973 18.1222
12.099999999999973 18.3964
12.199999999999973 18.4508
12.299999999999972 18.4508
12.399999999999972 18.559
12.499999999999972 18.7202
12.599999999999971 19.091
12.699999999999971 19.3515
12.799999999999971 19.4031
12.89999999999997 19.4031
12.99999999999997 19.5061
13.099999999999969 19.6595
13.199999999999969 19.9627
13.299999999999969 20.2119
13.399999999999968 20.36
13.499999999999968 20.36
13.599999999999968 20.4091
13.699999999999967 20.5558
13.799999999999967 20.7497
13.899999999999967 20.9418
13.999999999999966 10.4709
14.099999999999966 10.4709
14.199999999999966 10.4709
14.299999999999965 10.4709
14.399999999999965 10.4709
14.499999999999964 10.4709
14.599999999999964 10.5664
14.699999999999964 10.5664
14.799999999999963 10.5664
14.899999999999963 10.661
14.999999999999963 11.0314
15.099999999999962 11.4774
15.199999999999962 11.4774
15.299999999999962 11.4774
15.399999999999961 11.4774
15.499999999999961 11.9067
15.599999999999961 12.402
15.69999999999996 12.402
15.79999999999996 12.402
15.899999999999959 12.402
15.999999999999959 12.4826
16.099999999999959 13.033
16.19999999999996 13.3373
16.299999999999962 13.3373
16.399999999999963 13.3373
16.499999999999964 13.4122
16.599999999999966 13.4868
16.699999999999967 13.9257
16.799999999999969 14.2811
16.89999999999997 14.2811
16.999999999999972 14.2811
17.099999999999973 14.3512
17.199999999999974 14.4902
17.299999999999976 14.9666
17.399999999999977 15.2321
17.499999999999979 15.2321
17.59999999999998 15.2977
17.699999999999982 15.3631
17.799999999999983 15.6858
17.899999999999984 16.0645
17.999999999999986 16.1888
18.099999999999987 16.2505
18.199999999999989 16.3121
18.29999999999999 16.4953
18.399999999999991 16.7962
18.499999999999993 17.1503
18.599999999999994 17.2087
18.699999999999996 17.2668
18.799999999999997 17.3824
18.899999999999999 17.5544
19 17.9494
19.100000000000001 18.1712
19.200000000000003 18.2262
19.300000000000004 18.2811
19.400000000000006 18.4447
19.500000000000007 18.7142
19.600000000000009 19.0326
19.70000000000001 19.1375
19.800000000000011 19.2419
19.900000000000013 19.3974
20.000000000000014 19.5003
20.100000000000016 19.806
20.200000000000017 20.1071
20.300000000000018 20.1568
20.40000000000002 20.2559
20.500000000000021 20.4036
20.600000000000023 20.5503
20.700000000000024 20.8406
20.800000000000026 21.0794
20.900000000000027 21.1742
21.000000000000028 21.2685
21.10000000000003 21.4093
21.200000000000031 21.5026
21.300000000000033 21.7801
21.400000000000034 22.0542
21.500000000000036 22.1448
21.600000000000037 22.235
21.700000000000038 22.3696
21.80000000000004 22.4589
21.900000000000041 22.6365
22.000000000000043 22.944
22.100000000000044 23.0745
22.200000000000045 23.1611
22.300000000000047 23.2904
22.400000000000048 23.3762
22.50000000000005 23.5043
22.600000000000051 23.7584
22.700000000000053 23.9681
22.800000000000054 11.984
22.900000000000055 11.984
23.000000000000057 11.984
23.100000000000058 11.984
23.20000000000006 11.984
23.300000000000061 11.984
23.400000000000063 11.984
23.500000000000064 12.0675
23.600000000000065 12.0675
23.700000000000067 12.0675
23.800000000000068 12.4763
23.90000000000007 12.872
24.000000000000071 13.0269
24.100000000000072 13.0269
24.200000000000074 13.0269
24.300000000000075 13.4063
24.400000000000077 13.7752
24.500000000000078 13.9919
24.60000000000008 13.9919
24.700000000000081 13.9919
24.800000000000082 14.2756
24.900000000000084 14.6909
25.000000000000085 14.8941
25.100000000000087 14.8941
25.200000000000088 14.8941
25.30000000000009 15.1609
25.400000000000091 15.5525
25.500000000000092 15.8081
25.600000000000094 15.8081
25.700000000000095 15.8081
25.800000000000097 15.9971
25.900000000000098 16.3686
26.000000000000099 16.7318
26.100000000000101 16.7318
26.200000000000102 16.7318
26.300000000000104 16.8511
26.400000000000105 17.2622
26.500000000000107 17.6069
26.600000000000108 17.6637
26.700000000000109 17.6637
26.800000000000111 17.7203
26.900000000000112 18.0563
27.000000000000114 18.386
27.100000000000115 18.6026
27.200000000000117 18.6026
27.300000000000118 18.6026
27.400000000000119 18.8167
27.500000000000121 19.1856
27.600000000000122 19.4963
27.700000000000124 19.5476
27.800000000000125 19.5476
27.900000000000126 19.6498
28.000000000000128 19.9532
28.100000000000129 20.252
28.200000000000131 20.4977
28.300000000000132 20.4977
28.400000000000134 20.5465
28.500000000000135 20.7405
28.600000000000136 21.0281
28.700000000000138 21.3588
28.800000000000139 21.4523
28.900000000000141 21.4523
29.000000000000142 21.5918
29.100000000000144 21.7765
29.200000000000145 22.0506
29.300000000000146 22.3661
29.400000000000148 22.4108
29.500000000000149 22.4554
29.600000000000151 22.5444
29.700000000000152 22.7213
29.800000000000153 22.9841
29.900000000000155 23.287
30.000000000000156 23.3728
30.100000000000158 23.4156
30.200000000000159 23.5009
30.300000000000161 23.6283
30.400000000000162 23.8392
30.500000000000163 24.1313
30.600000000000165 24.3378
30.700000000000166 24.3378
30.800000000000168 24.4608
30.900000000000169 24.5425
31.000000000000171 24.6646
31.100000000000172 24.947
31.200000000000173 12.4735
31.300000000000175 12.4735
31.400000000000176 12.4735
31.500000000000178 12.4735
31.600000000000179 12.4735
31.70000000000018 12.4735
31.800000000000182 12.5537
31.900000000000183 12.5537
32.000000000000185 12.5537
32.100000000000186 12.6333
32.200000000000188 12.947
32.300000000000189 13.4037
32.40000000000019 13.4783
32.500000000000192 13.4783
32.600000000000193 13.4783
32.700000000000195 13.7727
32.800000000000196 14.2732
32.900000000000198 14.4129
33.000000000000199 14.4129
33.1000000000002 14.4129
33.200000000000202 14.6885
33.300000000000203 15.0924
33.400000000000205 15.3557
33.500000000000206 15.3557
33.600000000000207 15.3557
33.700000000000209 15.5502
33.80000000000021 15.9321
33.900000000000212 16.3051
34.000000000000213 16.3051
34.100000000000215 16.3051
34.200000000000216 16.4884
34.300000000000217 16.849
34.400000000000219 17.202
34.50000000000022 17.2602
34.600000000000222 17.2602
34.700000000000223 17.3759
34.800000000000225 17.7183
34.900000000000226 18.1097
35.000000000000227 18.22
35.100000000000229 18.22
35.20000000000023 18.3296
35.300000000000232 18.6545
35.400000000000233 18.9739
35.500000000000234 19.1838
35.600000000000236 19.1838
35.700000000000237 19.1838
35.800000000000239 19.4431
35.90000000000024 19.8003
36.000000000000242 20.1014
36.100000000000243 20.1511
36.200000000000244 20.1511
36.300000000000246 20.2997
36.400000000000247 20.5935
36.500000000000249 20.8831
36.60000000000025 21.1215
36.700000000000252 21.1215
36.800000000000253 21.216
36.900000000000254 21.4039
37.000000000000256 21.6828
37.100000000000257 22.0036
37.200000000000259 22.0944
37.30000000000026 22.0944
37.400000000000261 22.2299
37.500000000000263 22.4539
37.600000000000264 22.7198
37.700000000000266 23.0261
37.800000000000267 23.0695
37.900000000000269 23.1129
38.00000000000027 23.2425
38.100000000000271 23.4141
38.200000000000273 23.6692
38.300000000000274 23.9633
38.400000000000276 24.0467
38.500000000000277 24.0883
38.600000000000279 24.1713
38.70000000000028 24.2952
38.800000000000281 24.5411
38.900000000000283 24.8249
39.000000000000284 25.0257
39.100000000000286 25.0257
39.200000000000287 25.1454
39.300000000000288 25.2249
39.40000000000029 25.3831
39.500000000000291 25.6576
39.600000000000293 25.8905
39.700000000000294 25.9677
39.800000000000296 25.9677
39.900000000000297 12.9839
40.000000000000298 12.9839
40.1000000000003 12.9839
40.200000000000301 12.9839
40.300000000000303 12.9839
40.400000000000304 13.0609
40.500000000000306 13.0609
40.600000000000307 13.0609
40.700000000000308 13.3645
40.80000000000031 13.7345
40.900000000000311 14.0235
41.000000000000313 14.0235
41.100000000000314 14.0235
41.200000000000315 14.2363
41.300000000000317 14.6527
41.400000000000318 14.7889
41.50000000000032 14.9908
41.600000000000321 14.9908
41.700000000000323 15.1239
41.800000000000324 15.5809
41.900000000000325 15.645
42.000000000000327 15.7726
42.100000000000328 15.8992
42.20000000000033 16.0247
42.300000000000331 16.3956
42.400000000000333 16.5779
42.500000000000334 16.6382
42.600000000000335 16.7582
42.700000000000337 16.8773
42.800000000000338 17.2297
42.90000000000034 17.518
43.000000000000341 17.5751
43.100000000000342 17.632
43.200000000000344 17.7452
43.300000000000345 18.136
43.400000000000347 18.4644
43.500000000000348 18.5185
43.60000000000035 18.5725
43.700000000000351 18.6801
43.800000000000352 18.999
43.900000000000354 19.3644
44.000000000000355 19.4676
44.100000000000357 19.5189
44.200000000000358 19.6213
44.30000000000036 19.7738
44.400000000000361 20.1251
44.500000000000362 20.4214
44.600000000000364 20.4214
44.700000000000365 20.5192
44.800000000000367 20.6166
44.900000000000368 20.9059
45.000000000000369 21.1913
45.100000000000371 21.3794
45.200000000000372 21.4262
45.300000000000374 21.5659
45.400000000000375 21.7047
45.500000000000377 21.9797
45.600000000000378 22.2962
45.700000000000379 22.3859
45.800000000000381 22.4751
45.900000000000382 22.564
46.000000000000384 22.7408
46.100000000000385 23.0033
46.200000000000387 23.3059
46.300000000000388 23.3488
46.400000000000389 23.4344
46.500000000000391 23.5622
46.600000000000392 23.6893
46.700000000000394 23.9415
46.800000000000395 24.2323
46.900000000000396 24.3148
47.000000000000398 24.397
47.100000000000399 24.5197
47.200000000000401 24.6012
47.300000000000402 24.8038
47.400000000000404 25.0847
47.500000000000405 25.2834
47.600000000000406 25.3624
47.700000000000408 25.4412
47.800000000000409 25.5197
47.900000000000411 25.6371
48.000000000000412 25.9089
48.100000000000414 12.9738
48.200000000000415 12.9738
48.300000000000416 12.9738
48.400000000000418 12.9738
48.500000000000419 12.9738
48.600000000000421 12.9738
48.700000000000422 12.9738
48.800000000000423 13.0508
48.900000000000425 13.0508
49.000000000000426 13.0508
49.100000000000428 13.3547
49.200000000000429 13.7978
49.300000000000431 14.0141
49.400000000000432 14.0141
49.500000000000433 14.0141
49.600000000000435 14.2271
49.700000000000436 14.7121
49.800000000000438 14.9821
49.900000000000439 14.9821
50.000000000000441 14.9821
50.100000000000442 15.1814
50.200000000000443 15.5725
50.300000000000445 15.8909
50.400000000000446 15.8909
50.500000000000448 15.8909
50.600000000000449 16.079
50.70000000000045 16.5094
50.800000000000452 16.8101
50.900000000000453 16.8101
51.000000000000455 16.8101
51.100000000000456 17.0468
51.200000000000458 17.3958
51.300000000000459 17.7379
51.40000000000046 17.7379
51.500000000000462 17.7379
51.600000000000463 17.9065
51.700000000000465 18.239
51.800000000000466 18.6194
51.900000000000468 18.6731
52.000000000000469 18.6731
52.10000000000047 18.78
52.200000000000472 19.0973
52.300000000000473 19.4609
52.400000000000475 19.6146
52.500000000000476 19.6146
52.600000000000477 19.6146
52.700000000000479 19.9185
52.80000000000048 20.2179
52.900000000000482 20.5129
53.000000000000483 20.5616
53.100000000000485 20.5616
53.200000000000486 20.7072
53.300000000000487 20.9953
53.400000000000489 21.2794
53.50000000000049 21.5134
53.600000000000492 21.5134
53.700000000000493 21.6062
53.800000000000495 21.7908
53.900000000000496 22.0647
54.000000000000497 22.38
54.100000000000499 22.4693
54.2000000000005 22.4693
54.300000000000502 22.6025
54.400000000000503 22.8229
54.500000000000504 23.0845
54.600000000000506 23.3861
54.700000000000507 23.4288
54.800000000000509 23.4715
54.90000000000051 23.5991
55.000000000000512 23.7682
55.100000000000513 24.0195
55.200000000000514 24.3094
55.300000000000516 24.3916
55.400000000000517 24.4326
55.500000000000519 24.5144
55.60000000000052 24.6366
55.700000000000522 24.8791
55.800000000000523 25.1591
55.900000000000524 25.3572
56.000000000000526 25.3572
56.100000000000527 25.4754
56.200000000000529 25.5538
56.30000000000053 25.71
56.400000000000531 25.981
56.500000000000533 12.9905
56.600000000000534 12.9905
56.700000000000536 12.9905
56.800000000000537 12.9905
56.900000000000539 12.9905
57.00000000000054 12.9905
57.100000000000541 13.0675
57.200000000000543 13.0675
57.300000000000544 13.0675
57.400000000000546 13.0675
57.500000000000547 13.4457
57.600000000000549 13.958
57.70000000000055 14.0296
57.800000000000551 14.0296
57.900000000000553 14.0296
58.000000000000554 14.3825
58.100000000000556 14.7947
58.200000000000557 14.9966
58.300000000000558 14.9966
58.40000000000056 14.9966
58.500000000000561 15.2616
58.600000000000563 15.6506
58.700000000000564 15.9046
58.800000000000566 15.9046
58.900000000000567 15.9046
59.000000000000568 16.1546
59.10000000000057 16.5831
59.200000000000571 16.823
59.300000000000573 16.823
59.400000000000574 16.823
59.500000000000576 17.0595
59.600000000000577 17.4082
59.700000000000578 17.7501
59.80000000000058 17.7501
59.900000000000581 17.7501
60.000000000000583 17.9186
60.100000000000584 18.3057
60.200000000000585 18.631
60.300000000000587 18.6847
60.400000000000588 18.6847
60.50000000000059 18.8448
60.600000000000591 19.161
60.700000000000593 19.472
60.800000000000594 19.6257
60.900000000000595 19.6257
61.000000000000597 19.6257
61.100000000000598 19.9796
61.2000000000006 20.2781
61.300000000000601 20.5722
61.400000000000603 20.5722
61.500000000000604 20.5722
61.600000000000605 20.7659
61.700000000000607 21.0532
61.800000000000608 21.3835
61.90000000000061 21.5235
62.000000000000611 21.5235
62.100000000000612 21.6163
62.200000000000614 21.8466
62.300000000000615 22.165
62.400000000000617 22.4344
62.500000000000618 22.4789
62.60000000000062 22.4789
62.700000000000621 22.6121
62.800000000000622 22.8762
62.900000000000624 23.1805
63.000000000000625 23.4381
63.100000000000627 23.4381
63.200000000000628 23.4808
63.30000000000063 23.6083
63.400000000000631 23.8193
63.500000000000632 24.1117
63.600000000000634 24.3595
63.700000000000635 24.4005
63.800000000000637 24.4415
63.900000000000638 24.5233
64.000000000000639 24.686
64.100000000000634 24.9681
64.200000000000628 25.2075
64.300000000000622 25.3658
64.400000000000617 25.3658
64.500000000000611 25.4446
64.600000000000605 25.5623
64.7000000000006 25.7961
64.800000000000594 25.9509
64.900000000000588 12.9754
65.000000000000583 12.9754
65.100000000000577 12.9754
65.200000000000571 12.9754
65.300000000000566 12.9754
65.40000000000056 12.9754
65.500000000000554 13.0525
65.600000000000549 13.0525
65.700000000000543 13.0525
65.800000000000537 13.1291
65.900000000000531 13.5797
66.000000000000526 14.0157
66.10000000000052 14.0157
66.200000000000514 14.0157
66.300000000000509 14.087
66.400000000000503 14.5077
66.500000000000497 14.9165
66.600000000000492 14.9835
66.700000000000486 14.9835
66.80000000000048 15.0503
66.900000000000475 15.3796
67.000000000000469 15.8291
67.100000000000463 15.8923
67.200000000000458 15.8923
67.300000000000452 15.8923
67.400000000000446 16.3276
67.500000000000441 16.6917
67.600000000000435 16.8113
67.700000000000429 16.8113
67.800000000000423 16.8113
67.900000000000418 17.1651
68.000000000000412 17.5118
68.100000000000406 17.7391
68.200000000000401 17.7391
68.300000000000395 17.7391
68.400000000000389 18.0192
68.500000000000384 18.4041
68.600000000000378 18.6742
68.700000000000372 18.6742
68.800000000000367 18.6742
68.900000000000361 18.9405
69.000000000000355 19.2551
69.10000000000035 19.6157
69.200000000000344 19.6157
69.300000000000338 19.6157
69.400000000000333 19.7682
69.500000000000327 20.0698
69.600000000000321 20.367
69.700000000000315 20.5627
69.80000000000031 20.5627
69.900000000000304 20.6113
70.000000000000298 20.8527
70.100000000000293 21.1388
70.200000000000287 21.4678
70.300000000000281 21.5144
70.400000000000276 21.5144
70.50000000000027 21.6535
70.600000000000264 21.9747
70.700000000000259 22.2464
70.800000000000253 22.4702
70.900000000000247 22.4702
71.000000000000242 22.5147
71.100000000000236 22.6919
71.20000000000023 22.9986
71.300000000000225 23.2583
71.400000000000219 23.4298
71.500000000000213 23.4298
71.600000000000207 23.515
71.700000000000202 23.6424
71.800000000000196 23.9369
71.90000000000019 24.1865
72.000000000000185 24.3925
72.100000000000179 24.3925
72.200000000000173 24.4744
72.300000000000168 24.5561
72.400000000000162 24.7994
72.500000000000156 25.0404
72.600000000000151 25.279
72.700000000000145 25.3581
72.800000000000139 25.3975
72.900000000000134 25.4762
73.000000000000128 25.6329
73.100000000000122 25.8661
73.200000000000117 12.9717
73.300000000000111 12.9717
73.400000000000105 12.9717
73.500000000000099 12.9717
73.600000000000094 12.9717
73.700000000000088 12.9717
73.800000000000082 12.9717
73.900000000000077 13.0487
74.000000000000071 13.0487
74.100000000000065 13.0487
74.20000000000006 13.2773
74.300000000000054 13.7959
74.400000000000048 14.0122
74.500000000000043 14.0122
74.600000000000037 14.0122
74.700000000000031 14.2252
74.800000000000026 14.6419
74.90000000000002 14.9803
75.000000000000014 14.9803
75.100000000000009 14.9803
75.200000000000003 15.1135
75.299999999999997 15.5062
75.399999999999991 15.8892
75.499999999999986 15.8892
75.59999999999998 15.8892
75.699999999999974 16.0773
75.799999999999969 16.4469
75.899999999999963 16.8084
75.999999999999957 16.8084
76.099999999999952 16.8084
76.199999999999946 16.9272
76.29999999999994 17.2786
76.399999999999935 17.6798
76.499999999999929 17.7363
76.599999999999923 17.7363
76.699999999999918 17.7927
76.799999999999912 18.1825
76.899999999999906 18.51
76.999999999999901 18.6716
77.099999999999895 18.6716
77.199999999999889 18.7252
77.299999999999883 19.0433
77.399999999999878 19.3563
77.499999999999872 19.6132
77.599999999999866 19.6132
77.699999999999861 19.6132
77.799999999999855 19.8668
77.899999999999849 20.167
77.999999999999844 20.5115
78.099999999999838 20.5603
78.199999999999832 20.5603
78.299999999999827 20.6574
78.399999999999821 20.9462
78.499999999999815 21.2782
78.59999999999981 21.5121
78.699999999999804 21.5121
78.799999999999798 21.5586
78.899999999999793 21.7435
78.999999999999787 22.0635
79.099999999999781 22.334
79.199999999999775 22.4681
79.29999999999977 22.4681
79.399999999999764 22.557
79.499999999999758 22.7778
79.599999999999753 23.0834
79.699999999999747 23.3421
79.799999999999741 23.4277
79.899999999999736 23.4277
79.99999999999973 23.5555
80.099999999999724 23.7249
80.199999999999719 24.0183
80.299999999999713 24.2671
80.399999999999707 24.3905
80.499999999999702 24.3905
80.599999999999696 24.4724
80.69999999999969 24.6355
80.799999999999685 24.878
80.899999999999679 25.1182
80.999999999999673 25.3562
81.099999999999667 25.3562
81.199999999999662 25.435
81.299999999999656 25.5527
81.39999999999965 25.7089
81.499999999999645 25.9414
81.599999999999639 12.99
81.699999999999633 12.99
81.799999999999628 12.99
81.899999999999622 12.99
81.999999999999616 12.99
82.099999999999611 12.99
82.199999999999605 13.067
82.299999999999599 13.067
82.399999999999594 13.067
82.499999999999588 13.067
82.599999999999582 13.4452
82.699999999999577 13.8855
82.799999999999571 14.0292
82.899999999999565 14.0292
82.999999999999559 14.0292
83.099999999999554 14.3121
83.199999999999548 14.7264
83.299999999999542 14.9961
83.399999999999537 14.9961
83.499999999999531 14.9961
83.599999999999525 15.1953
83.69999999999952 15.6501
83.799999999999514 15.9042
83.899999999999508 15.9042
83.999999999999503 15.9042
84.099999999999497 16.0921
84.199999999999491 16.4614
84.299999999999486 16.8226
84.39999999999948 16.8226
84.499999999999474 16.8226
84.599999999999469 16.9413
84.699999999999463 17.3502
84.799999999999457 17.6932
84.899999999999451 17.7497
84.999999999999446 17.7497
85.09999999999944 17.8622
85.199999999999434 18.1955
85.299999999999429 18.5228
85.399999999999423 18.6843
85.499999999999417 18.6843
85.599999999999412 18.7379
85.699999999999406 19.0558
85.7999999999994 19.4202
85.899999999999395 19.6253
85.999999999999389 19.6253
86.099999999999383 19.6253
86.199999999999378 19.9291
86.299999999999372 20.2283
86.399999999999366 20.5718
86.499999999999361 20.5718
86.599999999999355 20.5718
86.699999999999349 20.7173
86.799999999999343 21.0529
86.899999999999338 21.3363
86.999999999999332 21.5231
87.099999999999326 21.5231
87.199999999999321 21.5696
87.299999999999315 21.8463
87.399999999999309 22.1195
87.499999999999304 22.3894
87.599999999999298 22.4786
87.699999999999292 22.4786
87.799999999999287 22.6118
87.899999999999281 22.8759
87.999999999999275 23.1369
88.09999999999927 23.3951
88.199999999999264 23.4378
88.299999999999258 23.4805
88.399999999999253 23.5656
88.499999999999247 23.8191
88.599999999999241 24.0699
88.699999999999235 24.3181
88.79999999999923 24.4002
88.899999999999224 24.4412
88.999999999999218 24.523
89.099999999999213 24.6857
89.199999999999207 24.9278
89.299999999999201 25.1675
89.399999999999196 25.3655
89.49999999999919 25.3655
89.599999999999184 25.4443
89.699999999999179 25.562
89.799999999999173 25.757
89.899999999999167 25.9506
89.999999999999162 12.9753
90.099999999999156 12.9753
90.19999999999915 12.9753
90.299999999999145 12.9753
90.399999999999139 12.9753
90.499999999999133 12.9753
90.599999999999127 13.0524
90.699999999999122 13.0524
90.799999999999116 13.0524
90.89999999999911 13.129
90.999999999999105 13.5795
91.099999999999099 14.0155
91.199999999999093 14.0155
91.299999999999088 14.0155
91.399999999999082 14.0869
91.499999999999076 14.4383
91.599999999999071 14.9164
91.699999999999065 14.9834
91.799999999999059 14.9834
91.899999999999054 14.9834
91.999999999999048 15.3795
92.099999999999042 15.7656
92.199999999999037 15.8922
92.299999999999031 15.8922
92.399999999999025 15.8922
92.499999999999019 16.2661
92.599999999999014 16.6315
92.699999999999008 16.8112
92.799999999999002 16.8112
92.899999999998997 16.8112
92.999999999998991 17.1066
93.099999999998985 17.5117
93.19999999999898 17.739
93.299999999998974 17.739
93.399999999998968 17.739
93.499999999998963 18.0191
93.599999999998957 18.3495
93.699999999998951 18.6741
93.799999999998946 18.6741
93.89999999999894 18.6741
93.999999999998934 18.8874
94.099999999998929 19.255
94.199999999998923 19.5645
94.299999999998917 19.6156
94.399999999998911 19.6156
94.499999999998906 19.7174
94.5999999999989 20.0198
94.699999999998894 20.3669
94.799999999998889 20.5626
94.899999999998883 20.5626
94.999999999998877 20.5626
95.099999999998872 20.8046
95.199999999998866 21.1388
95.29999999999886 21.421
95.399999999998855 21.5143
95.499999999998849 21.5143
95.599999999998843 21.6534
95.699999999998838 21.9291
95.799999999998832 22.2013
95.899999999998826 22.4702
95.99999999999882 22.4702
96.099999999998815 22.5147
96.199999999998809 22.6918
96.299999999998803 22.955
96.399999999998798 23.2151
96.499999999998792 23.4297
96.599999999998786 23.4297
96.699999999998781 23.4724
96.799999999998775 23.6423
96.899999999998769 23.895
96.999999999998764 24.145
97.099999999998758 24.3924
97.199999999998752 24.3924
97.299999999998747 24.4334
97.399999999998741 24.556
97.499999999998735 24.7589
97.59999999999873 25.0003
97.699999999998724 25.279
97.799999999998718 25.358
97.899999999998712 25.3975
97.999999999998707 25.4761
98.099999999998701 25.5937
98.199999999998695 25.8273
98.29999999999869 12.9716
98.399999999998684 12.9716
98.499999999998678 12.9716
98.599999999998673 12.9716
98.699999999998667 12.9716
98.799999999998661 12.9716
98.899999999998656 12.9716
98.99999999999865 13.0487
99.099999999998644 13.0487
99.199999999998639 13.0487
99.299999999998633 13.2773
99.399999999998627 13.723
99.499999999998622 14.0122
99.599999999998616 14.0122
99.69999999999861 14.0122
99.799999999998604 14.1545
99.899999999998599 14.5733
99.999999999998593 14.9802
100.09999999999859 14.9802
100.19999999999858 14.9802
100.29999999999858 15.1134
100.39999999999857 15.5062
100.49999999999856 15.8892
100.59999999999856 15.8892
100.69999999999855 15.8892
100.79999999999855 16.0148
100.89999999999854 16.3859
100.99999999999854 16.8084
101.09999999999853 16.8084
101.19999999999852 16.8084
101.29999999999852 16.8679
101.39999999999851 17.2786
101.49999999999851 17.623
101.5999999999985 17.7363
101.6999999999985 17.7363
101.79999999999849 17.7927
101.89999999999849 18.1273
101.99999999999848 18.4558
102.09999999999847 18.6716
102.19999999999847 18.6716
102.29999999999846 18.6716
102.39999999999846 18.9907
102.49999999999845 19.3562
102.59999999999845 19.6132
102.69999999999844 19.6132
102.79999999999843 19.6132
102.89999999999843 19.8163
102.99999999999842 20.1669
103.09999999999842 20.4626
103.19999999999841 20.5603
103.29999999999841 20.5603
103.3999999999984 20.6089
103.49999999999839 20.9462
103.59999999999839 21.231
103.69999999999838 21.5121
103.79999999999838 21.5121
103.89999999999837 21.5586
103.99999999999837 21.7435
104.09999999999836 22.018
104.19999999999835 22.334
104.29999999999835 22.4681
104.39999999999834 22.4681
104.49999999999834 22.557
104.59999999999833 22.7778
104.69999999999833 23.0399
104.79999999999832 23.3421
104.89999999999831 23.4277
104.99999999999831 23.4277
105.0999999999983 23.5555
105.1999999999983 23.7248
105.29999999999829 23.9766
105.39999999999829 24.2671
105.49999999999828 24.3905
105.59999999999827 24.3905
105.69999999999827 24.4724
105.79999999999826 24.5948
105.89999999999826 24.8377
105.99999999999825 25.1182
106.09999999999825 25.3562
106.19999999999824 25.3562
106.29999999999824 25.435
106.39999999999823 25.5135
106.49999999999822 25.67
106.59999999999822 25.9414
106.69999999999821 12.99
106.79999999999821 12.99
106.8999999999982 12.99
106.9999999999982 12.99
107.09999999999819 12.99
107.19999999999818 12.99
107.29999999999818 12.99
107.39999999999817 13.067
107.49999999999817 13.067
107.59999999999816 13.067
107.69999999999816 13.3704
107.79999999999815 13.8131
107.89999999999814 14.0291
107.99999999999814 14.0291
108.09999999999813 14.0291
108.19999999999813 14.2419
108.29999999999812 14.7264
108.39999999999812 14.9961
108.49999999999811 14.9961
108.5999999999981 14.9961
108.6999999999981 15.1953
108.79999999999809 15.586
108.89999999999809 15.9042
108.99999999999808 15.9042
109.09999999999808 15.9042
109.19999999999807 16.0297
109.29999999999806 16.4004
109.39999999999806 16.8226
109.49999999999805 16.8226
109.59999999999805 16.8226
109.69999999999804 16.9412
109.79999999999804 17.2924
109.89999999999803 17.6365
109.99999999999802 17.7497
110.09999999999802 17.7497
110.19999999999801 17.8061
110.29999999999801 18.1404
110.399999999998 18.5228
110.499999999998 18.6843
110.59999999999799 18.6843
110.69999999999798 18.6843
110.79999999999798 19.0558
110.89999999999797 19.3685
110.99999999999797 19.6253
111.09999999999796 19.6253
111.19999999999796 19.6253
111.29999999999795 19.8788
111.39999999999795 20.2283
111.49999999999794 20.5231
111.59999999999793 20.5718
111.69999999999793 20.5718
111.79999999999792 20.7173
111.89999999999792 21.0053
111.99999999999791 21.2893
112.09999999999791 21.5231
112.1999999999979 21.5231
112.29999999999789 21.5696
112.39999999999789 21.8004
112.49999999999788 22.0742
112.59999999999788 22.3894
112.69999999999787 22.4786
112.79999999999787 22.4786
112.89999999999786 22.6118
112.99999999999785 22.8321
113.09999999999785 23.0936
113.19999999999784 23.3951
113.29999999999784 23.4378
113.39999999999783 23.4378
113.49999999999783 23.5656
113.59999999999782 23.777
113.69999999999781 24.0282
113.79999999999781 24.3181
113.8999999999978 24.4002
113.9999999999978 24.4002
114.09999999999779 24.523
114.19999999999779 24.6451
114.29999999999778 24.8876
114.39999999999777 25.1675
114.49999999999777 25.3655
114.59999999999776 25.3655
114.69999999999776 25.4443
114.79999999999775 25.562
114.89999999999775 25.7182
114.99999999999774 25.9506
115.09999999999773 12.9753
115.19999999999773 12.9753
115.29999999999772 12.9753
115.39999999999772 12.9753
115.49999999999771 12.9753
115.59999999999771 12.9753
115.6999999999977 13.0524
115.79999999999769 13.0524
115.89999999999769 13.0524
115.99999999999768 13.129
116.09999999999768 13.5055
116.19999999999767 14.0155
116.29999999999767 14.0155
116.39999999999766 14.0155
116.49999999999766 14.0155
116.59999999999765 14.4383
116.69999999999764 14.849
116.79999999999764 14.9834
116.89999999999763 14.9834
116.99999999999763 14.9834
117.09999999999762 15.3142
117.19999999999762 15.7019
117.29999999999761 15.8922
117.3999999999976 15.8922
117.4999999999976 15.8922
117.59999999999759 16.2044
117.69999999999759 16.6315
117.79999999999758 16.8112
117.89999999999758 16.8112
117.99999999999757 16.8112
118.09999999999756 17.1066
118.19999999999756 17.4544
118.29999999999755 17.739
118.39999999999755 17.739
118.49999999999754 17.739
118.59999999999754 17.9634
118.69999999999753 18.2949
118.79999999999752 18.6741
118.89999999999752 18.6741
118.99999999999751 18.6741
119.09999999999751 18.8874
119.1999999999975 19.2029
119.2999999999975 19.5133
119.39999999999749 19.6156
119.49999999999748 19.6156
119.59999999999748 19.6666
119.69999999999747 20.0198
119.79999999999747 20.3177
119.89999999999746 20.5626
119.99999999999746 20.5626
120.09999999999745 20.5626
120.19999999999744 20.8046
120.29999999999744 21.0913
120.39999999999743 21.3742
120.49999999999743 21.5143
120.59999999999742 21.5143
120.69999999999742 21.6072
120.79999999999741 21.8834
120.89999999999741 22.2013
120.9999999999974 22.4702
121.09999999999739 22.4702
121.19999999999739 22.5147
121.29999999999738 22.6477
121.39999999999738 22.9113
121.49999999999737 23.2151
121.59999999999737 23.4297
121.69999999999736 23.4297
121.79999999999735 23.4724
121.89999999999735 23.5999
121.99999999999734 23.8531
122.09999999999734 24.145
122.19999999999733 24.3924
122.29999999999733 24.3924
122.39999999999732 24.4334
122.49999999999731 24.556
122.59999999999731 24.7185
122.6999999999973 25.0003
122.7999999999973 25.2393
122.89999999999729 25.358
122.99999999999729 25.3975
123.09999999999728 25.4761
123.19999999999727 25.5937
123.29999999999727 25.8273
123.39999999999726 12.9716
123.49999999999726 12.9716
123.59999999999725 12.9716
123.69999999999725 12.9716
123.79999999999724 12.9716
123.89999999999723 12.9716
123.99999999999723 12.9716
124.09999999999722 13.0487
124.19999999999722 13.0487
124.29999999999721 13.0487
124.39999999999721 13.2015
124.4999999999972 13.6497
124.59999999999719 14.0122
124.69999999999719 14.0122
124.79999999999718 14.0122
124.89999999999718 14.0835
124.99999999999717 14.5733
125.09999999999717 14.9802
125.19999999999716 14.9802
125.29999999999715 14.9802
125.39999999999715 15.047
125.49999999999714 15.4414
125.59999999999714 15.8892
125.69999999999713 15.8892
125.79999999999713 15.8892
125.89999999999712 15.9521
125.99999999999712 16.3859
126.09999999999711 16.7487
126.1999999999971 16.8084
126.2999999999971 16.8084
126.39999999999709 16.8679
126.49999999999709 17.2205
126.59999999999708 17.5661
126.69999999999708 17.7363
126.79999999999707 17.7363
126.89999999999706 17.7363
126.99999999999706 18.0719
127.09999999999705 18.4558
127.19999999999705 18.6716
127.29999999999704 18.6716
127.39999999999704 18.6716
127.49999999999703 18.9907
127.59999999999702 19.3044
127.69999999999702 19.6132
127.79999999999701 19.6132
127.89999999999701 19.6132
127.999999999997 19.8163
128.09999999999701 20.1172
128.199999999997 20.4137
128.299999999997 20.5603
128.39999999999699 20.5603
128.49999999999699 20.6089
128.59999999999698 20.8983
128.69999999999698 21.1838
128.79999999999697 21.5121
128.89999999999696 21.5121
128.99999999999696 21.5121
129.09999999999695 21.6974
129.19999999999695 22.018
129.29999999999694 22.2891
129.39999999999694 22.4681
129.49999999999693 22.4681
129.59999999999692 22.557
129.69999999999692 22.7338
129.79999999999691 23.0399
129.89999999999691 23.2991
129.9999999999969 23.4277
130.0999999999969 23.4277
130.19999999999689 23.513
130.29999999999688 23.6826
130.39999999999688 23.9766
130.49999999999687 24.2258
130.59999999999687 24.3905
130.69999999999686 24.3905
130.79999999999686 24.4724
130.89999999999685 24.5948
130.99999999999685 24.8377
131.09999999999684 25.0783
131.19999999999683 25.3167
131.29999999999683 25.3562
131.39999999999682 25.3956
131.49999999999682 25.5135
131.59999999999681 25.67
131.69999999999681 25.9028
131.7999999999968 12.99
131.89999999999679 12.99
131.99999999999679 12.99
132.09999999999678 12.99
132.19999999999678 12.99
132.29999999999677 12.99
132.39999999999677 12.99
132.49999999999676 13.067
132.59999999999675 13.067
132.69999999999675 13.067
132.79999999999674 13.2952
132.89999999999674 13.8131
132.99999999999673 14.0291
133.09999999999673 14.0291
133.19999999999672 14.0291
133.29999999999671 14.2419
133.39999999999671 14.6581
133.4999999999967 14.9961
133.5999999999967 14.9961
133.69999999999669 14.9961
133.79999999999669 15.1292
133.89999999999668 15.5215
133.99999999999667 15.9042
134.09999999999667 15.9042
134.19999999999666 15.9042
134.29999999999666 15.967
134.39999999999665 16.4004
134.49999999999665 16.7629
134.59999999999664 16.8226
134.69999999999663 16.8226
134.79999999999663 16.882
134.89999999999662 17.2344
134.99999999999662 17.6365
135.09999999999661 17.7497
135.19999999999661 17.7497
135.2999999999966 17.7497
135.3999999999966 18.1404
135.49999999999659 18.4687
135.59999999999658 18.6843
135.69999999999658 18.6843
135.79999999999657 18.6843
135.89999999999657 19.0032
135.99999999999656 19.3168
136.09999999999656 19.6253
136.19999999999655 19.6253
136.29999999999654 19.6253
136.39999999999654 19.8788
136.49999999999653 20.1787
136.59999999999653 20.4743
136.69999999999652 20.5718
136.79999999999652 20.5718
136.89999999999651 20.6689
136.9999999999965 20.9576
137.0999999999965 21.2893
137.19999999999649 21.5231
137.29999999999649 21.5231
137.39999999999648 21.5696
137.49999999999648 21.7545
137.59999999999647 22.0742
137.69999999999646 22.3446
137.79999999999646 22.4786
137.89999999999645 22.4786
137.99999999999645 22.5675
138.09999999999644 22.7882
138.19999999999644 23.0936
138.29999999999643 23.3522
138.39999999999642 23.4378
138.49999999999642 23.4378
138.59999999999641 23.5656
138.69999999999641 23.7349
138.7999999999964 24.0282
138.8999999999964 24.2769
138.99999999999639 24.4002
139.09999999999638 24.4002
139.19999999999638 24.4821
139.29999999999637 24.6045
139.39999999999637 24.8876
139.49999999999636 25.1277
139.59999999999636 25.3655
139.69999999999635 25.3655
139.79999999999634 25.4443
139.89999999999634 25.5229
139.99999999999633 25.7182
140.09999999999633 25.9506
140.19999999999632 12.9753
140.29999999999632 12.9753
140.39999999999631 12.9753
140.49999999999631 12.9753
140.5999999999963 12.9753
140.69999999999629 12.9753
140.79999999999629 13.0524
140.89999999999628 13.0524
140.99999999999628 13.0524
141.09999999999627 13.0524
141.19999999999627 13.5055
141.29999999999626 13.9438
141.39999999999625 14.0155
141.49999999999625 14.0155
141.59999999999624 14.0155
141.69999999999624 14.3687
141.79999999999623 14.7814
141.89999999999623 14.9834
141.99999999999622 14.9834
142.09999999999621 14.9834
142.19999999999621 15.2486
142.2999999999962 15.7019
142.3999999999962 15.8922
142.49999999999619 15.8922
142.59999999999619 15.8922
142.69999999999618 16.2044
142.79999999999617 16.5712
142.89999999999617 16.8112
142.99999999999616 16.8112
143.09999999999616 16.8112
143.19999999999615 17.0479
143.29999999999615 17.3969
143.39999999999614 17.739
143.49999999999613 17.739
143.59999999999613 17.739
143.69999999999612 17.9634
143.79999999999612 18.2949
143.89999999999611 18.6204
143.99999999999611 18.6741
144.0999999999961 18.6741
144.19999999999609 18.8343
144.29999999999609 19.1507
144.39999999999608 19.5133
144.49999999999608 19.6156
144.59999999999607 19.6156
144.69999999999607 19.6666
144.79999999999606 19.9697
144.89999999999606 20.2683
144.99999999999605 20.5626
145.09999999999604 20.5626
145.19999999999604 20.5626
145.29999999999603 20.7564
145.39999999999603 21.0913
145.49999999999602 21.3742
145.59999999999602 21.5143
145.69999999999601 21.5143
145.799999999996 21.6072
145.899999999996 21.8834
145.99999999999599 22.1561
146.09999999999599 22.4256
146.19999999999598 22.4702
146.29999999999598 22.4702
146.39999999999597 22.6034
146.49999999999596 22.9113
146.59999999999596 23.1719
146.69999999999595 23.4297
146.79999999999595 23.4297
146.89999999999594 23.4724
146.99999999999594 23.5999
147.09999999999593 23.8531
147.19999999999592 24.1035
147.29999999999592 24.3514
147.39999999999591 24.3924
147.49999999999591 24.4334
147.5999999999959 24.5152
147.6999999999959 24.7185
147.79999999999589 24.9602
147.89999999999588 25.1997
147.99999999999588 25.358
148.09999999999587 25.358
148.19999999999587 25.4368
148.29999999999586 25.5937
148.39999999999586 25.7885
148.49999999999585 25.9432
148.59999999999584 12.9716
148.69999999999584 12.9716
148.79999999999583 12.9716
148.89999999999583 12.9716
148.99999999999582 12.9716
149.09999999999582 12.9716
149.19999999999581 13.0487
149.2999999999958 13.0487
149.3999999999958 13.0487
149.49999999999579 13.1254
149.59999999999579 13.6497
149.69999999999578 14.0122
149.79999999999578 14.0122
149.89999999999577 14.0122
149.99999999999577 14.0835
150.09999999999576 14.5043
150.19999999999575 14.9132
150.29999999999575 14.9802
150.39999999999574 14.9802
150.49999999999574 15.047
150.59999999999573 15.4414
150.69999999999573 15.826
150.79999999999572 15.8892
150.89999999999571 15.8892
150.99999999999571 15.9521
151.0999999999957 16.3246
151.1999999999957 16.6888
151.29999999999569 16.8084
151.39999999999569 16.8084
151.49999999999568 16.8084
151.59999999999567 17.1623
151.69999999999567 17.5661
151.79999999999566 17.7363
151.89999999999566 17.7363
151.99999999999565 17.7363
152.09999999999565 18.0719
152.19999999999564 18.4015
152.29999999999563 18.6716
152.39999999999563 18.6716
152.49999999999562 18.6716
152.59999999999562 18.9379
152.69999999999561 19.2525
152.79999999999561 19.6132
152.8999999999956 19.6132
152.99999999999559 19.6132
153.09999999999559 19.7658
153.19999999999558 20.0674
153.29999999999558 20.4137
153.39999999999557 20.5603
153.49999999999557 20.5603
153.59999999999556 20.6089
153.69999999999555 20.8504
153.79999999999555 21.1838
153.89999999999554 21.4655
153.99999999999554 21.5121
154.09999999999553 21.5121
154.19999999999553 21.6974
154.29999999999552 21.9725
154.39999999999552 22.2442
154.49999999999551 22.4681
154.5999999999955 22.4681
154.6999999999955 22.5126
154.79999999999549 22.7338
154.89999999999549 22.9964
154.99999999999548 23.2561
155.09999999999548 23.4277
155.19999999999547 23.4277
155.29999999999546 23.513
155.39999999999546 23.6826
155.49999999999545 23.9348
155.59999999999545 24.1844
155.69999999999544 24.3905
155.79999999999544 24.3905
155.89999999999543 24.4724
155.99999999999542 24.5948
156.09999999999542 24.7974
156.19999999999541 25.0384
156.29999999999541 25.3167
156.3999999999954 25.3562
156.4999999999954 25.3956
156.59999999999539 25.5135
156.69999999999538 25.6309
156.79999999999538 25.8641
156.89999999999537 12.99
156.99999999999537 12.99
157.09999999999536 12.99
157.19999999999536 12.99
157.29999999999535 12.99
157.39999999999534 12.99
157.49999999999534 12.99
157.59999999999533 13.067
157.69999999999533 13.067
157.79999999999532 13.067
157.89999999999532 13.2952
157.99999999999531 13.7403
158.0999999999953 14.0291
158.1999999999953 14.0291
158.29999999999529 14.0291
158.39999999999529 14.1713
158.49999999999528 14.5896
158.59999999999528 14.9961
158.69999999999527 14.9961
158.79999999999526 14.9961
158.89999999999526 15.0628
158.99999999999525 15.5215
159.09999999999525 15.9042
159.19999999999524 15.9042
159.29999999999524 15.9042
159.39999999999523 15.967
159.49999999999523 16.3392
159.59999999999522 16.7629
159.69999999999521 16.8226
159.79999999999521 16.8226
159.8999999999952 16.8226
159.9999999999952 17.2344
160.09999999999519 17.5796
160.19999999999519 17.7497
160.29999999999518 17.7497
160.39999999999517 17.7497
160.49999999999517 18.0851
160.59999999999516 18.4144
160.69999999999516 18.6843
160.79999999999515 18.6843
160.89999999999515 18.6843
160.99999999999514 18.9504
161.09999999999513 19.3168
161.19999999999513 19.6253
161.29999999999512 19.6253
161.39999999999512 19.6253
161.49999999999511 19.8284
161.59999999999511 20.1787
161.6999999999951 20.4743
161.79999999999509 20.5718
161.89999999999509 20.5718
161.99999999999508 20.6204
162.09999999999508 20.9576
162.19999999999507 21.2422
162.29999999999507 21.5231
162.39999999999506 21.5231
162.49999999999505 21.5231
162.59999999999505 21.7545
162.69999999999504 22.0288
162.79999999999504 22.2998
162.89999999999503 22.4786
162.99999999999503 22.4786
163.09999999999502 22.5675
163.19999999999501 22.7882
163.29999999999501 23.0503
163.399999999995 23.3093
163.499999999995 23.4378
163.59999999999499 23.4378
163.69999999999499 23.5231
163.79999999999498 23.7349
163.89999999999498 23.9865
163.99999999999497 24.2356
164.09999999999496 24.4002
164.19999999999496 24.4002
164.29999999999495 24.4821
164.39999999999495 24.6045
164.49999999999494 24.8473
164.59999999999494 25.0878
164.69999999999493 25.3655
164.79999999999492 25.3655
164.89999999999492 25.405
164.99999999999491 25.5229
165.09999999999491 25.6792
165.1999999999949 25.912
165.2999999999949 12.9753
165.39999999999489 12.9753
165.49999999999488 12.9753
165.59999999999488 12.9753
165.69999999999487 12.9753
165.79999999999487 12.9753
165.89999999999486 13.0524
165.99999999999486 13.0524
166.09999999999485 13.0524
166.19999999999484 13.0524
166.29999999999484 13.431
166.39999999999483 13.8717
166.49999999999483 14.0155
166.59999999999482 14.0155
166.69999999999482 14.0155
166.79999999999481 14.2988
166.8999999999948 14.7814
166.9999999999948 14.9834
167.09999999999479 14.9834
167.19999999999479 14.9834
167.29999999999478 15.2486
167.39999999999478 15.6379
167.49999999999477 15.8922
167.59999999999476 15.8922
167.69999999999476 15.8922
167.79999999999475 16.1424
167.89999999999475 16.5106
167.99999999999474 16.8112
168.09999999999474 16.8112
168.19999999999473 16.8112
168.29999999999472 16.9891
168.39999999999472 17.3969
168.49999999999471 17.739
168.59999999999471 17.739
168.6999999999947 17.739
168.7999999999947 17.9076
168.89999999999469 18.2401
168.99999999999469 18.6204
169.09999999999468 18.6741
169.19999999999467 18.6741
169.29999999999467 18.7811
169.39999999999466 19.1507
169.49999999999466 19.4619
169.59999999999465 19.6156
169.69999999999465 19.6156
169.79999999999464 19.6156
169.89999999999463 19.9195
169.99999999999463 20.2683
170.09999999999462 20.5626
170.19999999999462 20.5626
170.29999999999461 20.5626
170.39999999999461 20.7564
170.4999999999946 21.0438
170.59999999999459 21.3274
170.69999999999459 21.5143
170.79999999999458 21.5143
170.89999999999458 21.6072
170.99999999999457 21.8376
171.09999999999457 22.1109
171.19999999999456 22.4256
171.29999999999455 22.4702
171.39999999999455 22.4702
171.49999999999454 22.6034
171.59999999999454 22.8676
171.69999999999453 23.1287
171.79999999999453 23.4297
171.89999999999452 23.4297
171.99999999999451 23.4724
172.09999999999451 23.5999
172.1999999999945 23.8111
172.2999999999945 24.0619
172.39999999999449 24.3514
172.49999999999449 24.3924
172.59999999999448 24.4334
172.69999999999447 24.5152
172.79999999999447 24.678
172.89999999999446 24.9201
172.99999999999446 25.1997
173.09999999999445 25.358
173.19999999999445 25.358
173.29999999999444 25.4368
173.39999999999444 25.5546
173.49999999999443 25.7497
173.59999999999442 25.9432
173.69999999999442 12.9716
173.79999999999441 12.9716
173.89999999999441 12.9716
173.9999999999944 12.9716
174.0999999999944 12.9716
174.19999999999439 12.9716
174.29999999999438 13.0487
174.39999999999438 13.0487
174.49999999999437 13.0487
174.59999999999437 13.1254
174.69999999999436 13.576
174.79999999999436 14.0122
174.89999999999435 14.0122
174.99999999999434 14.0122
175.09999999999434 14.0835
175.19999999999433 14.5043
175.29999999999433 14.9132
175.39999999999432 14.9802
175.49999999999432 14.9802
175.59999999999431 15.047
175.6999999999943 15.3764
175.7999999999943 15.7626
175.89999999999429 15.8892
175.99999999999429 15.8892
176.09999999999428 15.8892
176.19999999999428 16.2631
176.29999999999427 16.6888
176.39999999999426 16.8084
176.49999999999426 16.8084
176.59999999999425 16.8084
176.69999999999425 17.1623
176.79999999999424 17.509
176.89999999999424 17.7363
176.99999999999423 17.7363
177.09999999999422 17.7363
177.19999999999422 18.0164
177.29999999999421 18.3469
177.39999999999421 18.6716
177.4999999999942 18.6716
177.5999999999942 18.6716
177.69999999999419 18.9379
177.79999999999418 19.2525
177.89999999999418 19.5621
177.99999999999417 19.6132
178.09999999999417 19.6132
178.19999999999416 19.715
178.29999999999416 20.0674
178.39999999999415 20.3646
178.49999999999415 20.5603
178.59999999999414 20.5603
178.69999999999413 20.5603
178.79999999999413 20.8504
178.89999999999412 21.1365
178.99999999999412 21.4188
179.09999999999411 21.5121
179.19999999999411 21.5121
179.2999999999941 21.6512
179.39999999999409 21.9269
179.49999999999409 22.2442
179.59999999999408 22.4681
179.69999999999408 22.4681
179.79999999999407 22.5126
179.89999999999407 22.6897
179.99999999999406 22.9529
180.09999999999405 23.2561
180.19999999999405 23.4277
180.29999999999404 23.4277
180.39999999999404 23.513
180.49999999999403 23.6403
180.59999999999403 23.893
180.69999999999402 24.1844
180.79999999999401 24.3905
180.89999999999401 24.3905
180.999999999994 24.4724
181.099999999994 24.5541
181.19999999999399 24.757
181.29999999999399 25.0384
181.39999999999398 25.2771
181.49999999999397 25.3562
181.59999999999397 25.3956
181.69999999999396 25.4743
181.79999999999396 25.5919
181.89999999999395 25.8641
181.99999999999395 12.99
182.09999999999394 12.99
182.19999999999393 12.99
182.29999999999393 12.99
182.39999999999392 12.99
182.49999999999392 12.99
182.59999999999391 12.99
182.69999999999391 13.067
182.7999999999939 13.067
182.8999999999939 13.067
182.99999999999389 13.2196
183.09999999999388 13.6671
183.19999999999388 14.0291
183.29999999999387 14.0291
183.39999999999387 14.0291
183.49999999999386 14.1004
183.59999999999386 14.5896
183.69999999999385 14.9961
183.79999999999384 14.9961
183.89999999999384 14.9961
183.99999999999383 15.0628
184.09999999999383 15.4568
184.19999999999382 15.841
184.29999999999382 15.9042
184.39999999999381 15.9042
184.4999999999938 15.9042
184.5999999999938 16.3392
184.69999999999379 16.703
184.79999999999379 16.8226
184.89999999999378 16.8226
184.99999999999378 16.8226
185.09999999999377 17.1761
185.19999999999376 17.5225
185.29999999999376 17.7497
185.39999999999375 17.7497
185.49999999999375 17.7497
185.59999999999374 18.0296
185.69999999999374 18.4144
185.79999999999373 18.6843
185.89999999999372 18.6843
185.99999999999372 18.6843
186.09999999999371 18.9504
186.19999999999371 19.2649
186.2999999999937 19.5742
186.3999999999937 19.6253
186.49999999999369 19.6253
186.59999999999368 19.8284
186.69999999999368 20.129
186.79999999999367 20.4253
186.89999999999367 20.5718
186.99999999999366 20.5718
187.09999999999366 20.6204
187.19999999999365 20.9097
187.29999999999364 21.1951
187.39999999999364 21.5231
187.49999999999363 21.5231
187.59999999999363 21.5231
187.69999999999362 21.7084
187.79999999999362 21.9833
187.89999999999361 22.2998
187.99999999999361 22.4786
188.0999999999936 22.4786
188.19999999999359 22.5675
188.29999999999359 22.7442
188.39999999999358 23.0068
188.49999999999358 23.3093
188.59999999999357 23.4378
188.69999999999357 23.4378
188.79999999999356 23.5231
188.89999999999355 23.6927
188.99999999999355 23.9448
189.09999999999354 24.2356
189.19999999999354 24.4002
189.29999999999353 24.4002
189.39999999999353 24.4821
189.49999999999352 24.6045
189.59999999999351 24.807
189.69999999999351 25.0878
189.7999999999935 25.326
189.8999999999935 25.3655
189.99999999999349 25.405
190.09999999999349 25.5229
190.19999999999348 25.6402
190.29999999999347 25.912
190.39999999999347 12.9753
190.49999999999346 12.9753
190.59999999999346 12.9753
190.69999999999345 12.9753
190.79999999999345 12.9753
190.89999999999344 12.9753
190.99999999999343 12.9753
191.09999999999343 13.0524
191.19999999999342 13.0524
191.29999999999342 13.0524
191.39999999999341 13.3562
191.49999999999341 13.8717
191.5999999999934 14.0155
191.69999999999339 14.0155
191.79999999999339 14.0155
191.89999999999338 14.2988
191.99999999999338 14.7134
192.09999999999337 14.9834
192.19999999999337 14.9834
192.29999999999336 14.9834
192.39999999999336 15.1827
192.49999999999335 15.5737
192.59999999999334 15.8922
192.69999999999334 15.8922
192.79999999999333 15.8922
192.89999999999333 16.0802
192.99999999999332 16.5106
193.09999999999332 16.8112
193.19999999999331 16.8112
193.2999999999933 16.8112
193.3999999999933 16.9891
193.49999999999329 17.3392
193.59999999999329 17.6824
193.69999999999328 17.739
193.79999999999328 17.739
193.89999999999327 17.8516
193.99999999999326 18.2401
194.09999999999326 18.5666
194.19999999999325 18.6741
194.29999999999325 18.6741
194.39999999999324 18.7811
194.49999999999324 19.0983
194.59999999999323 19.4104
194.69999999999322 19.6156
194.79999999999322 19.6156
194.89999999999321 19.6156
194.99999999999321 19.9195
195.0999999999932 20.2189
195.1999999999932 20.5138
195.29999999999319 20.5626
195.39999999999318 20.5626
195.49999999999318 20.7081
195.59999999999317 20.9962
195.69999999999317 21.3274
195.79999999999316 21.5143
195.89999999999316 21.5143
195.99999999999315 21.5608
196.09999999999314 21.7917
196.19999999999314 22.1109
196.29999999999313 22.3809
196.39999999999313 22.4702
196.49999999999312 22.4702
196.59999999999312 22.6034
196.69999999999311 22.8238
196.7999999999931 23.1287
196.8999999999931 23.3869
196.99999999999309 23.4297
197.09999999999309 23.4724
197.19999999999308 23.5575
197.29999999999308 23.769
197.39999999999307 24.0619
197.49999999999307 24.3102
197.59999999999306 24.3924
197.69999999999305 24.4334
197.79999999999305 24.5152
197.89999999999304 24.6374
197.99999999999304 24.9201
198.09999999999303 25.1599
198.19999999999303 25.358
198.29999999999302 25.358
198.39999999999301 25.4368
198.49999999999301 25.5546
198.599999999993 25.7497
198.699999999993 25.9432
198.79999999999299 12.9716
198.89999999999299 12.9716
198.99999999999298 12.9716
199.09999999999297 12.9716
199.19999999999297 12.9716
199.29999999999296 12.9716
199.39999999999296 13.0487
199.49999999999295 13.0487
199.59999999999295 13.0487
199.69999999999294 13.1254
199.79999999999293 13.502
199.89999999999293 14.0122
199.99999999999292 14.0122
